1 GLG001 10.71 9.44444444444e-05 41.2695222222 0.000111111111111 8.26 0.7 7.94 0.7 5.7 0.4 4.6 0.3 15.0 6.0 0.69 None 10 None None None None
2 GLG002 10.6109166667 0.000197222222222 41.3012833333 0.000183333333333 3.65 0.59 4.17 0.59 4.9 1.4 4.5 1.2 76.0 155.0 0.63 None 10 None None None None
3 GLG003 10.6370833333 0.000127777777778 41.1954361111 0.000133333333333 4.76 0.53 5.12 0.53 5.0 0.6 4.7 0.5 14.0 26.0 0.54 None 10 None None None None
4 GLG004 10.825 6.11111111111e-05 41.2894277778 5.27777777778e-05 22.85 0.7 7.37 0.7 10.0 0.1 7.7 0.0 67.0 6.0 0.6 None 10 None None None None
5 GLG005 10.85975 0.000105555555556 41.3200111111 0.000113888888889 7.97 0.62 6.6 0.62 5.7 0.4 5.3 0.4 12.0 14.0 0.67 None 10 None None None None
6 GLG006 10.8087916667 9.16666666667e-05 41.1563138889 5.27777777778e-05 18.12 0.58 5.94 0.58 12.1 0.3 6.3 0.0 -79.0 3.0 0.58 None 10 None None None None
7 GLG007 10.8138333333 0.000111111111111 41.1482638889 0.000127777777778 5.45 0.58 6.04 0.58 5.1 0.5 4.4 0.4 -14.0 10.0 0.58 None 10 None None None None
8 GLG008 10.591625 3.61111111111e-05 41.1336055556 3.88888888889e-05 17.48 0.95 16.87 0.95 5.4 0.0 4.8 0.0 19.0 4.0 0.51 None 10 None None None None
9 GLG009 10.9006666667 0.000380555555556 41.33785 0.000355555555556 45.87 4.46 17.24 1.54 38.3 6.4 27.8 3.4 51.0 7.0 2.15 None 10 None None None None
10 GLG010 10.8537083333 0.000561111111111 41.1510694444 0.000691666666667 35.22 6.53 14.94 2.02 34.5 17.5 27.3 10.9 13.0 4.0 3.02 None 10 None None None None
11 GLG011 10.7150416667 3.05555555556e-05 41.4428694444 3.05555555556e-05 37.23 1.9 34.89 1.9 5.4 0.0 4.9 0.0 -24.0 5.0 0.8 None 10 None None None None
12 GLG012 10.462375 1.66666666667e-05 41.2437916667 1.94444444444e-05 134.96 5.1 76.59 5.1 8.5 0.0 5.2 0.0 39.0 0.0 0.49 None 10 None None None None
13 GLG013 10.7700416667 0.000405555555556 41.4422361111 0.000575 51.61 5.06 11.5 1.03 54.1 12.9 33.2 4.8 21.0 1.0 2.43 None 10 None None None None
14 GLG014 10.9333333333 5.55555555556e-05 41.3139638889 5.83333333333e-05 23.42 0.69 7.0 0.69 9.4 0.1 8.9 0.1 -30.0 14.0 0.59 None 10 None None None None
15 GLG015 10.44875 9.44444444444e-05 41.3134861111 9.16666666667e-05 206.88 13.62 186.1 12.2 22.0 0.3 20.2 0.2 -55.0 12.0 3.87 None 10 None None None None
16 GLG016 10.4423333333 0.000127777777778 41.2774416667 0.000166666666667 3.87 0.5 4.44 0.5 5.3 0.9 4.1 0.5 0.0 0.0 0.51 None 10 None None None None
17 GLG017 10.513125 0.000480555555556 41.4437277778 0.000663888888889 27.05 7.05 22.12 3.61 26.6 16.3 18.4 7.8 -13.0 3.0 2.9 None 10 None None None None
18 GLG018 10.4659166667 6.38888888889e-05 41.4117638889 6.66666666667e-05 10.61 0.76 11.75 0.76 5.1 0.1 4.4 0.1 -28.0 11.0 0.6 None 10 None None None None
19 GLG019 10.5779583333 1.94444444444e-05 41.4907944444 2.22222222222e-05 1223.64 61.2 1197.87 61.2 5.4 0.0 4.7 0.0 2.0 0.0 12.44 None 10 None None None None
20 GLG020 10.913375 0.000136111111111 41.4483083333 0.000127777777778 8.07 0.65 6.03 0.65 6.3 0.7 5.3 0.5 -57.0 32.0 0.77 None 10 None None None None
21 GLG021 10.4380833333 0.000127777777778 41.4399083333 0.000102777777778 8.57 0.76 8.03 0.76 5.9 0.6 4.5 0.3 69.0 23.0 0.8 None 10 None None None None
22 GLG022 10.4491666667 0.000205555555556 41.4786638889 0.000102777777778 11.62 1.79 5.03 0.53 11.1 1.5 5.2 0.3 79.0 7.0 0.92 None 10 None None None None
23 GLG023 10.9362083333 1.94444444444e-05 41.4785666667 1.94444444444e-05 105.96 4.7 83.92 4.7 6.1 0.0 5.1 0.0 66.0 2.0 0.64 None 10 None None None None
24 GLG024 10.332125 1.94444444444e-05 41.1785111111 1.94444444444e-05 69.46 3.43 66.24 3.43 5.6 0.0 4.7 0.0 28.0 1.0 0.63 None 10 None None None None
25 GLG025 10.911375 0.000166666666667 41.5074027778 0.000155555555556 4.27 0.49 3.98 0.49 5.4 1.0 4.9 0.8 -64.0 88.0 0.56 None 10 None None None None
26 GLG026 11.0227083333 0.000141666666667 41.1255777778 0.000130555555556 8.66 0.44 3.77 0.44 9.4 0.9 6.1 0.3 50.0 8.0 0.63 None 10 None None None None
27 GLG027 11.0764583333 3.05555555556e-05 41.2272083333 2.77777777778e-05 36.57 1.62 27.05 1.62 6.7 0.0 5.0 0.0 -55.0 3.0 0.63 None 10 None None None None
28 GLG028 10.4214583333 1.66666666667e-05 41.0595694444 1.66666666667e-05 157.15 6.33 102.13 6.33 7.1 0.0 5.4 0.0 -43.0 0.0 0.55 None 10 None None None None
29 GLG029 11.1102083333 0.000458333333333 41.2574111111 0.000441666666667 28.58 4.85 20.48 2.63 24.7 7.9 22.6 6.6 -57.0 51.0 2.3 None 10 None None None None
30 GLG030 10.4139166667 0.000255555555556 41.5094555556 0.000325 76.31 8.81 66.38 6.69 24.2 3.8 19.0 2.3 2.0 0.0 4.37 None 10 None None None None
31 GLG031 10.3036666667 0.000502777777778 41.415975 0.000325 63.97 7.47 28.65 2.89 37.4 9.2 23.9 3.7 83.0 10.0 3.67 None 10 None None None None
32 GLG032 10.25075 6.11111111111e-05 41.2319166667 5.55555555556e-05 15.44 0.86 12.79 0.86 6.4 0.1 4.7 0.0 56.0 7.0 0.66 None 10 None None None None
33 GLG033 10.2812916667 0.000372222222222 41.4161944444 0.000238888888889 69.65 7.12 42.91 3.96 32.0 5.0 20.3 2.0 83.0 8.0 3.46 None 10 None None None None
34 GLG034 11.0297916667 0.000122222222222 41.5201638889 0.000102777777778 12.95 0.46 3.89 0.46 10.8 0.6 7.7 0.3 61.0 9.0 0.66 None 10 None None None None
35 GLG035 10.4667916667 0.000569444444444 40.9522527778 0.000411111111111 58.64 6.27 15.43 1.47 46.5 11.9 32.7 5.9 -78.0 11.0 3.08 None 10 None None None None
36 GLG036 10.4640833333 8.88888888889e-05 41.6091972222 4.72222222222e-05 38.38 2.59 8.65 0.6 16.6 0.3 6.7 0.0 72.0 1.0 0.9 None 10 None None None None
37 GLG037 10.262125 0.000111111111111 41.0744416667 0.000155555555556 9.26 0.41 3.36 0.41 9.9 0.8 7.0 0.4 3.0 0.0 0.61 None 10 None None None None
38 GLG038 10.3691666667 0.000552777777778 40.9763361111 0.000516666666667 35.0 4.56 11.58 1.26 38.8 12.5 31.2 8.0 54.0 15.0 2.25 None 10 None None None None
39 GLG039 11.1011666667 3.88888888889e-05 41.511325 3.88888888889e-05 25.98 1.12 16.77 1.12 7.2 0.0 5.4 0.0 -49.0 4.0 0.61 None 10 None None None None
40 GLG040 10.464875 0.000105555555556 40.9091527778 8.05555555556e-05 10.29 0.52 5.69 0.52 8.3 0.4 5.5 0.1 -66.0 8.0 0.57 None 10 None None None None
41 GLG041 10.921125 1.94444444444e-05 40.9081444444 1.94444444444e-05 191.13 7.32 111.77 7.32 7.3 0.0 5.8 0.0 -47.0 1.0 1.4 None 10 None None None None
42 GLG042 10.1390833333 0.000125 41.2458861111 0.000127777777778 5.23 0.57 5.69 0.57 5.0 0.6 4.6 0.5 -38.0 50.0 0.58 None 10 None None None None
43 GLG043 11.2220416667 0.000658333333333 41.4054888889 0.0009 35.18 7.01 11.14 1.55 45.1 32.3 28.0 12.4 23.0 4.0 3.13 None 10 None None None None
44 GLG044 10.9114166667 5.27777777778e-05 41.6688944444 5.55555555556e-05 14.97 0.93 14.85 0.93 5.2 0.1 4.9 0.0 6.0 4.0 0.67 None 10 None None None None
45 GLG045 11.2559166667 0.000155555555556 41.3665694444 0.000194444444444 5.49 0.62 4.66 0.62 6.1 1.3 4.8 0.8 8.0 4.0 0.75 None 10 None None None None
46 GLG046 10.6343333333 0.000138888888889 41.7099361111 0.000163888888889 5.76 0.64 5.43 0.64 5.6 0.9 4.7 0.6 10.0 7.0 0.71 None 10 None None None None
47 GLG047 10.3793333333 0.000102777777778 41.6455361111 0.000113888888889 8.84 0.75 8.18 0.75 5.5 0.4 4.9 0.3 -9.0 6.0 0.77 None 10 None None None None
48 GLG048 10.1027083333 4.72222222222e-05 41.3423444444 6.66666666667e-05 16.0 0.72 9.73 0.72 8.0 0.1 5.1 0.0 18.0 1.0 0.56 None 10 None None None None
49 GLG049 10.2465416667 0.0001 41.5720722222 0.000102777777778 7.99 0.66 7.61 0.66 5.2 0.3 5.0 0.3 14.0 29.0 0.66 None 10 None None None None
50 GLG050 11.258 8.88888888889e-05 41.4146666667 8.88888888889e-05 140.35 9.1 116.62 7.53 23.4 0.3 20.6 0.2 -50.0 6.0 2.38 None 10 None None None None
51 GLG051 11.2741666667 0.000386111111111 41.3787472222 0.000361111111111 58.47 6.9 32.69 3.34 29.9 6.1 24.0 3.9 53.0 14.0 3.42 None 10 None None None None
52 GLG052 11.16775 0.000883333333333 40.9837055556 0.000583333333333 34.55 5.75 9.22 1.16 48.3 28.5 31.0 11.7 -80.0 13.0 2.7 None 10 None None None None
53 GLG053 11.3062916667 1.94444444444e-05 41.2465416667 2.22222222222e-05 60.99 3.13 63.2 3.13 5.1 0.0 4.7 0.0 6.0 0.0 0.62 None 10 None None None None
54 GLG054 11.298875 0.000125 41.19055 0.000166666666667 115.27 8.13 77.59 5.4 28.3 1.0 21.0 0.5 11.0 0.0 2.89 None 10 None None None None
55 GLG055 11.075 4.44444444444e-05 40.90665 5e-05 18.73 1.1 18.53 1.1 5.3 0.0 4.8 0.0 5.0 2.0 0.69 None 10 None None None None
56 GLG056 10.5240416667 0.000163888888889 40.822525 0.000175 4.11 0.48 3.74 0.48 5.6 1.1 4.9 0.9 -32.0 33.0 0.56 None 10 None None None None
57 GLG057 10.2329166667 1.66666666667e-05 40.9564833333 1.66666666667e-05 149.33 7.59 153.25 7.59 5.2 0.0 4.7 0.0 -3.0 0.0 0.59 None 10 None None None None
58 GLG058 10.0694583333 0.000347222222222 41.2529666667 0.000569444444444 52.32 5.32 14.32 1.31 49.5 11.8 29.5 4.2 8.0 0.0 2.57 None 10 None None None None
59 GLG059 11.2940833333 5.55555555556e-05 41.1562638889 3.88888888889e-05 30.69 0.94 10.33 0.94 10.9 0.1 6.8 0.0 -70.0 3.0 0.65 None 10 None None None None
60 GLG060 10.102125 0.000133333333333 41.1201611111 0.000127777777778 82.98 6.03 83.05 5.94 20.5 0.6 19.5 0.5 88.0 48.0 2.28 None 10 None None None None
61 GLG061 10.3402083333 3.33333333333e-05 40.8831972222 6.94444444444e-05 23.22 1.56 9.07 0.56 12.1 0.1 5.3 0.0 2.0 0.0 0.55 None 10 None None None None
62 GLG062 11.2985416667 3.33333333333e-05 41.1482722222 3.61111111111e-05 24.97 1.37 25.43 1.37 5.2 0.0 4.7 0.0 -10.0 2.0 0.67 None 10 None None None None
63 GLG063 11.31625 0.000133333333333 41.1561 0.000211111111111 6.82 1.31 3.41 0.4 10.0 1.8 5.0 0.4 -22.0 2.0 0.65 None 10 None None None None
64 GLG064 10.1004583333 3.33333333333e-05 41.4911055556 3.33333333333e-05 29.01 1.41 24.36 1.41 5.7 0.0 5.2 0.0 -89.0 22.0 0.65 None 10 None None None None
65 GLG065 10.055375 0.000144444444444 41.1450972222 0.000211111111111 162.3 11.3 68.4 4.71 37.5 1.6 25.3 0.7 3.0 0.0 3.89 None 10 None None None None
66 GLG066 11.3249583333 0.000138888888889 41.1130277778 0.000175 4.25 0.49 4.14 0.49 5.9 1.1 4.3 0.6 -22.0 9.0 0.55 None 10 None None None None
67 GLG067 10.0728333333 5.55555555556e-05 41.4790555556 6.11111111111e-05 14.29 0.85 13.02 0.85 5.7 0.1 4.8 0.0 -13.0 3.0 0.65 None 10 None None None None
68 GLG068 10.1960416667 0.00015 40.9233888889 0.000144444444444 4.19 0.42 3.69 0.42 5.6 0.8 5.1 0.6 -57.0 70.0 0.48 None 10 None None None None
69 GLG069 10.1489583333 5.55555555556e-05 41.5863583333 5.83333333333e-05 13.22 0.82 12.81 0.82 5.3 0.1 4.9 0.1 22.0 13.0 0.61 None 10 None None None None
70 GLG070 11.0170833333 0.000491666666667 41.7359111111 0.000397222222222 68.61 6.18 13.93 1.18 49.5 8.7 39.8 5.6 89.0 17.0 2.9 None 10 None None None None
71 GLG071 9.98908333333 9.44444444444e-05 41.2329444444 9.72222222222e-05 8.57 0.57 6.46 0.57 5.8 0.3 5.7 0.3 -6.0 25.0 0.6 None 10 None None None None
72 GLG072 10.1377916667 2.77777777778e-05 41.6108777778 3.05555555556e-05 28.88 1.58 30.7 1.58 5.1 0.0 4.6 0.0 6.0 1.0 0.62 None 10 None None None None
73 GLG073 10.717 0.000533333333333 40.7346361111 0.000533333333333 45.16 5.51 13.22 1.38 41.5 12.6 32.9 7.9 45.0 11.0 2.73 None 10 None None None None
74 GLG074 9.98391666667 0.000144444444444 41.1938583333 0.000125 191.52 12.89 106.35 7.11 31.5 0.8 22.8 0.4 58.0 3.0 4.01 None 10 None None None None
75 GLG075 10.9229166667 0.000180555555556 40.7620805556 0.000166666666667 4.43 0.57 4.37 0.57 5.3 1.1 4.8 0.9 -65.0 96.0 0.64 None 10 None None None None
76 GLG076 10.3384166667 0.000147222222222 41.7424 0.0002 4.29 0.39 3.01 0.39 8.0 1.7 4.5 0.5 27.0 5.0 0.49 None 10 None None None None
77 GLG077 10.9765833333 1.66666666667e-05 40.7762277778 1.66666666667e-05 530.96 26.03 506.1 26.03 5.5 0.0 4.8 0.0 10.0 0.0 1.46 None 10 None None None None
78 GLG078 11.4166666667 0.000172222222222 41.2050722222 0.000227777777778 109.3 8.91 79.46 6.23 27.7 1.9 19.8 1.0 -16.0 1.0 3.9 None 10 None None None None
79 GLG079 10.7206666667 0.000152777777778 41.8226833333 0.00015 9.08 0.73 5.98 0.73 7.0 1.0 5.4 0.6 48.0 19.0 0.93 None 10 None None None None
80 GLG080 10.0699583333 1.94444444444e-05 40.9737 1.94444444444e-05 129.62 4.45 61.06 4.45 9.6 0.0 5.5 0.0 -61.0 0.0 0.71 None 10 None None None None
81 GLG081 11.409125 0.000227777777778 41.1403611111 7.77777777778e-05 0.87 0.49 3.35 0.46 4.4 1.8 1.5 0.2 -89.0 15.0 0.19 None 10 None None None None
82 GLG082 11.42925 2.77777777778e-05 41.188425 3.05555555556e-05 35.01 1.69 29.88 1.69 5.8 0.0 5.1 0.0 -6.0 0.0 0.63 None 10 None None None None
83 GLG083 11.21275 6.94444444444e-05 41.6767194444 0.000136111111111 14.58 1.2 3.5 0.29 14.7 0.6 7.1 0.1 -3.0 0.0 0.57 None 10 None None None None
84 GLG084 11.3220416667 7.5e-05 40.9501333333 8.88888888889e-05 8.52 0.58 7.67 0.58 5.8 0.2 4.7 0.1 18.0 5.0 0.55 None 10 None None None None
85 GLG085 11.2679583333 7.5e-05 40.8952361111 7.5e-05 247.51 15.69 208.54 13.2 23.5 0.2 20.2 0.1 47.0 4.0 3.54 None 10 None None None None
86 GLG086 9.9195 0.000577777777778 41.2459388889 0.000566666666667 43.42 5.91 13.59 1.52 40.2 14.5 31.8 9.0 47.0 13.0 2.9 None 10 None None None None
87 GLG087 9.955875 5.55555555556e-05 41.072475 6.11111111111e-05 14.75 0.99 15.68 0.99 5.1 0.1 4.6 0.1 1.0 0.0 0.74 None 10 None None None None
88 GLG088 11.1511666667 6.38888888889e-05 41.7536833333 6.94444444444e-05 13.9 0.82 11.31 0.82 5.9 0.1 5.2 0.1 -22.0 9.0 0.7 None 10 None None None None
89 GLG089 11.1122916667 0.000502777777778 40.7692444444 0.000627777777778 52.83 5.76 11.58 1.11 54.5 16.8 33.4 6.3 -30.0 3.0 2.81 None 10 None None None None
90 GLG090 10.1847916667 0.000344444444444 40.8126166667 0.000361111111111 49.89 6.24 34.27 3.65 25.0 4.8 23.3 4.2 -22.0 20.0 3.1 None 10 None None None None
91 GLG091 11.4250833333 0.000130555555556 41.04305 0.000163888888889 3.98 0.57 5.16 0.57 5.2 1.0 3.7 0.5 22.0 8.0 0.55 None 10 None None None None
92 GLG092 9.89554166667 6.94444444444e-05 41.2430861111 6.66666666667e-05 14.31 0.81 11.19 0.81 6.3 0.1 5.1 0.1 -51.0 11.0 0.69 None 10 None None None None
93 GLG093 10.184625 0.000141666666667 41.7370861111 0.000152777777778 5.78 0.52 4.43 0.52 6.0 0.8 5.5 0.7 -10.0 12.0 0.62 None 10 None None None None
94 GLG094 10.627875 0.000219444444444 40.66275 0.000147222222222 2.72 0.38 2.84 0.38 6.0 1.7 4.0 0.7 84.0 31.0 0.42 None 10 None None None None
95 GLG095 9.877 8.61111111111e-05 41.2537722222 8.33333333333e-05 8.6 0.67 8.73 0.67 5.1 0.2 4.8 0.2 58.0 69.0 0.62 None 10 None None None None
96 GLG096 10.7244583333 0.000133333333333 40.6475277778 0.00015 4.79 0.5 4.55 0.5 5.5 0.8 4.8 0.6 -17.0 15.0 0.55 None 10 None None None None
97 GLG097 11.5084583333 5e-05 41.388275 5.83333333333e-05 12.56 0.83 13.79 0.83 5.1 0.1 4.5 0.0 11.0 4.0 0.58 None 10 None None None None
98 GLG098 9.91995833333 7.5e-05 41.0134138889 9.16666666667e-05 9.44 0.65 8.34 0.65 6.0 0.3 4.7 0.1 12.0 3.0 0.61 None 10 None None None None
99 GLG099 11.3977916667 0.000522222222222 40.9215222222 0.000661111111111 40.56 6.19 14.25 1.71 38.1 15.8 29.9 9.7 -6.0 2.0 2.99 None 10 None None None None
100 GLG100 10.6931666667 0.000161111111111 40.6323027778 0.000141666666667 4.88 0.61 5.26 0.61 5.4 1.0 4.3 0.6 -62.0 35.0 0.64 None 10 None None None None
101 GLG101 9.84529166667 8.05555555556e-05 41.1768444444 0.000147222222222 12.83 1.21 3.83 0.33 13.1 0.8 6.4 0.1 13.0 0.0 0.62 None 10 None None None None
102 GLG102 10.5016666667 7.77777777778e-05 41.9017138889 8.61111111111e-05 13.99 0.93 11.91 0.93 5.8 0.2 5.1 0.2 15.0 7.0 0.88 None 10 None None None None
103 GLG103 10.2017083333 0.000122222222222 41.8038472222 0.000119444444444 5.71 0.58 5.87 0.58 5.0 0.5 4.9 0.5 71.0 365.0 0.59 None 10 None None None None
104 GLG104 10.066125 6.11111111111e-05 40.8287722222 6.94444444444e-05 16.44 0.89 12.2 0.89 6.3 0.1 5.3 0.1 17.0 4.0 0.76 None 10 None None None None
105 GLG105 10.0547083333 0.000163888888889 40.8356083333 0.000136111111111 115.49 8.11 71.41 4.96 28.8 1.0 22.5 0.6 -69.0 6.0 2.85 None 10 None None None None
106 GLG106 9.82595833333 4.16666666667e-05 41.2769027778 4.16666666667e-05 21.8 1.29 23.39 1.29 4.9 0.0 4.7 0.0 15.0 12.0 0.75 None 10 None None None None
107 GLG107 11.5454166667 6.66666666667e-05 41.3864666667 0.000108333333333 14.42 0.61 6.42 0.61 9.8 0.4 5.7 0.1 10.0 0.0 0.68 None 10 None None None None
108 GLG108 11.0921666667 6.66666666667e-05 40.6756722222 6.66666666667e-05 10.39 0.61 8.44 0.61 5.8 0.1 5.3 0.1 50.0 28.0 0.52 None 10 None None None None
109 GLG109 9.85220833333 0.000166666666667 41.5035972222 0.000152777777778 5.16 0.54 4.35 0.54 6.1 1.1 4.9 0.7 -56.0 31.0 0.63 None 10 None None None None
110 GLG110 11.4074583333 6.11111111111e-05 40.8665861111 6.66666666667e-05 15.35 1.04 15.9 1.04 5.1 0.1 4.7 0.1 -13.0 8.0 0.82 None 10 None None None None
111 GLG111 11.25175 7.5e-05 40.7361638889 7.22222222222e-05 16.3 0.79 9.77 0.79 7.4 0.2 5.6 0.1 50.0 8.0 0.75 None 10 None None None None
112 GLG112 11.253375 0.000130555555556 40.7337444444 0.000133333333333 10.11 0.46 3.72 0.46 9.3 0.7 7.3 0.4 43.0 11.0 0.67 None 10 None None None None
113 GLG113 11.5795416667 0.000475 41.1131722222 0.000519444444444 58.64 6.2 14.47 1.37 44.1 10.5 36.8 7.3 -30.0 8.0 3.05 None 10 None None None None
114 GLG114 11.5882916667 0.000111111111111 41.4129777778 0.000119444444444 7.14 0.53 5.56 0.53 7.0 0.6 4.6 0.2 -39.0 7.0 0.59 None 10 None None None None
115 GLG115 10.0519583333 0.000672222222222 40.7784611111 0.000572222222222 17.32 6.1 17.26 3.36 22.1 16.7 18.2 11.3 73.0 49.0 2.26 None 10 None None None None
116 GLG116 10.6485833333 0.000138888888889 41.9629388889 0.000147222222222 183.44 14.01 195.81 14.6 20.3 0.8 18.5 0.6 21.0 7.0 5.74 None 10 None None None None
117 GLG117 11.6125416667 0.000136111111111 41.3261638889 0.000125 168.69 11.57 116.12 7.9 28.0 0.8 20.8 0.4 53.0 4.0 3.82 None 10 None None None None
118 GLG118 9.76583333333 0.000466666666667 41.2421527778 0.000488888888889 51.66 5.67 15.14 1.47 41.6 10.1 32.8 6.3 -39.0 8.0 2.8 None 10 None None None None
119 GLG119 9.812 0.000569444444444 41.4972055556 0.000680555555556 33.84 6.12 13.88 1.85 34.6 17.0 28.2 11.3 15.0 6.0 2.85 None 10 None None None None
120 GLG120 9.76333333333 3.61111111111e-05 41.3101361111 3.88888888889e-05 23.29 1.34 24.77 1.34 5.2 0.0 4.5 0.0 27.0 5.0 0.71 None 10 None None None None
121 GLG121 9.96316666667 0.000108333333333 41.7093444444 0.000111111111111 9.39 0.7 7.37 0.7 6.3 0.5 5.1 0.3 39.0 15.0 0.75 None 10 None None None None
122 GLG122 9.796375 0.000963888888889 41.4777638889 0.000838888888889 18.9 12.37 18.35 4.95 22.9 36.3 18.0 22.4 -63.0 48.0 3.51 None 10 None None None None
123 GLG123 11.102625 3.61111111111e-05 41.9061805556 4.16666666667e-05 26.01 1.5 27.22 1.5 5.3 0.0 4.5 0.0 7.0 1.0 0.82 None 10 None None None None
124 GLG124 10.2203333333 0.000163888888889 40.6619138889 0.000175 4.53 0.52 4.04 0.52 6.1 1.3 4.6 0.7 37.0 17.0 0.6 None 10 None None None None
125 GLG125 9.76808333333 8.33333333333e-05 41.1383916667 0.0001 8.62 0.69 8.54 0.69 5.4 0.3 4.6 0.2 -0.0 0.0 0.66 None 10 None None None None
126 GLG126 10.5709583333 0.000477777777778 41.9753055556 0.000908333333333 56.08 8.43 15.07 1.75 55.8 30.8 26.7 7.0 12.0 1.0 3.94 None 10 None None None None
127 GLG127 9.78079166667 5.55555555556e-05 41.0626583333 7.22222222222e-05 13.56 0.78 11.13 0.78 6.5 0.1 4.7 0.0 -13.0 1.0 0.64 None 10 None None None None
128 GLG128 10.99575 8.88888888889e-05 41.954775 4.44444444444e-05 438.23 26.92 219.95 13.5 40.3 0.2 19.8 0.0 89.0 1.0 4.05 None 10 None None None None
129 GLG129 10.242 0.000419444444444 41.9104416667 0.000522222222222 51.32 6.98 23.45 2.62 33.9 10.2 25.8 5.9 17.0 4.0 3.43 None 10 None None None None
130 GLG130 9.862625 5.83333333333e-05 40.9073805556 7.5e-05 12.72 0.74 10.48 0.74 6.6 0.2 4.6 0.1 18.0 2.0 0.62 None 10 None None None None
131 GLG131 11.4085416667 0.000375 40.7761527778 6.66666666667e-05 2.96 2.16 8.52 1.08 7.0 5.0 1.2 0.1 -88.0 7.0 0.67 None 10 None None None None
132 GLG132 11.1745416667 0.000125 40.6343861111 0.000136111111111 6.4 0.59 5.53 0.59 5.6 0.6 5.1 0.5 18.0 19.0 0.66 None 10 None None None None
133 GLG133 10.30225 0.000127777777778 41.9466416667 0.000111111111111 7.57 0.7 7.11 0.7 5.5 0.5 4.8 0.4 -88.0 63.0 0.74 None 10 None None None None
134 GLG134 11.0350833333 0.000130555555556 40.5793638889 0.000138888888889 6.42 0.55 5.1 0.55 6.6 0.8 4.7 0.4 40.0 11.0 0.64 None 10 None None None None
135 GLG135 9.70129166667 1.66666666667e-05 41.2688277778 1.66666666667e-05 189.63 9.61 193.98 9.61 5.2 0.0 4.7 0.0 4.0 0.0 0.86 None 10 None None None None
136 GLG136 11.0047916667 0.000108333333333 40.5660527778 0.000116666666667 6.87 0.68 7.41 0.68 5.1 0.5 4.5 0.4 27.0 21.0 0.68 None 10 None None None None
137 GLG137 10.3883333333 0.000111111111111 40.5603055556 0.000122222222222 8.6 0.55 5.7 0.55 8.5 0.7 4.5 0.2 39.0 4.0 0.62 None 10 None None None None
138 GLG138 9.96820833333 0.000480555555556 41.79325 0.000472222222222 30.72 4.18 13.69 1.53 32.2 9.3 27.9 7.0 49.0 23.0 2.06 None 10 None None None None
139 GLG139 9.92341666667 0.000469444444444 41.7595861111 0.000680555555556 26.35 4.58 12.24 1.58 36.1 17.1 23.9 7.5 12.0 2.0 2.13 None 10 None None None None
140 GLG140 11.703875 2.5e-05 41.2341555556 2.5e-05 52.49 2.82 55.83 2.82 5.2 0.0 4.6 0.0 7.0 0.0 0.82 None 10 None None None None
141 GLG141 9.83725 0.000144444444444 40.8616277778 0.000177777777778 4.86 0.58 4.7 0.58 5.8 1.1 4.5 0.7 -17.0 8.0 0.64 None 10 None None None None
142 GLG142 10.188875 0.000186111111111 41.9453027778 0.000183333333333 4.46 0.69 5.0 0.69 4.9 1.3 4.6 1.1 -53.0 139.0 0.73 None 10 None None None None
143 GLG143 10.0861666667 0.000558333333333 41.8975138889 0.000522222222222 57.06 5.96 11.54 1.08 47.5 11.9 41.6 9.1 -60.0 23.0 2.93 None 10 None None None None
144 GLG144 11.434 2.77777777778e-05 40.7402361111 2.77777777778e-05 46.56 2.57 51.4 2.57 5.0 0.0 4.5 0.0 9.0 1.0 0.95 None 10 None None None None
145 GLG145 10.2989166667 4.72222222222e-05 40.5580472222 4.72222222222e-05 17.83 0.96 15.67 0.96 5.5 0.0 5.1 0.0 60.0 28.0 0.64 None 10 None None None None
146 GLG146 11.5109166667 1.66666666667e-05 40.8015 1.66666666667e-05 327.84 16.52 334.06 16.52 5.2 0.0 4.7 0.0 5.0 0.0 0.71 None 10 None None None None
147 GLG147 11.6918333333 8.33333333333e-05 41.4813361111 9.16666666667e-05 9.11 0.75 9.6 0.75 5.2 0.3 4.6 0.2 -0.0 0.0 0.68 None 10 None None None None
148 GLG148 9.871375 1.66666666667e-05 41.7689222222 1.94444444444e-05 232.11 10.71 197.52 10.71 6.1 0.0 4.8 0.0 14.0 0.0 1.02 None 10 None None None None
149 GLG149 11.6787916667 0.000141666666667 41.5523527778 0.000108333333333 7.31 0.71 7.13 0.71 5.8 0.7 4.4 0.4 -89.0 32.0 0.75 None 10 None None None None
150 GLG150 11.7155 3.33333333333e-05 41.0795722222 3.61111111111e-05 34.51 1.95 36.27 1.95 5.2 0.0 4.6 0.0 1.0 0.0 0.95 None 10 None None None None
151 GLG151 10.79 2.22222222222e-05 40.4790444444 2.22222222222e-05 75.41 3.68 69.64 3.68 5.3 0.0 5.1 0.0 60.0 17.0 0.84 None 10 None None None None
152 GLG152 9.62895833333 0.000116666666667 41.2870305556 0.000138888888889 7.68 0.56 5.31 0.56 7.0 0.7 5.2 0.4 -24.0 7.0 0.67 None 10 None None None None
153 GLG153 10.5119166667 0.000508333333333 42.0604472222 0.000627777777778 50.52 7.45 18.88 2.21 40.0 16.2 26.8 7.2 28.0 4.0 3.6 None 10 None None None None
154 GLG154 9.66041666667 2.22222222222e-05 41.4769777778 2.22222222222e-05 60.07 3.05 59.92 3.05 5.3 0.0 4.7 0.0 9.0 1.0 0.76 None 10 None None None None
155 GLG155 10.5984583333 0.000105555555556 40.4739777778 0.000180555555556 6.77 0.46 3.97 0.46 8.8 1.2 4.8 0.3 -10.0 1.0 0.6 None 10 None None None None
156 GLG156 9.88129166667 0.000586111111111 41.795275 0.000816666666667 29.51 8.61 18.93 3.27 31.5 26.0 19.8 10.3 21.0 5.0 3.38 None 10 None None None None
157 GLG157 9.63433333333 5.27777777778e-05 41.1411805556 5.55555555556e-05 15.81 0.98 15.9 0.98 5.1 0.1 4.9 0.0 -16.0 18.0 0.7 None 10 None None None None
158 GLG158 10.5125416667 3.05555555556e-05 40.4744444444 3.33333333333e-05 32.59 1.85 36.47 1.85 4.9 0.0 4.5 0.0 16.0 4.0 0.8 None 10 None None None None
159 GLG159 10.21225 5e-05 41.9998305556 0.000213888888889 4.51 1.92 19.94 1.96 5.0 1.6 1.1 0.0 -0.0 0.0 0.81 None 10 None None None None
160 GLG160 11.6035416667 8.33333333333e-05 41.7092833333 7.77777777778e-05 13.74 0.75 9.12 0.75 6.5 0.2 5.8 0.1 -61.0 29.0 0.74 None 10 None None None None
161 GLG161 9.886625 0.000583333333333 40.7332305556 0.000694444444444 30.74 7.4 18.14 2.85 29.3 18.1 23.2 11.4 20.0 9.0 3.16 None 10 None None None None
162 GLG162 11.6598333333 0.000352777777778 40.9066944444 0.000341666666667 91.2 12.45 75.99 8.56 22.4 4.5 21.4 4.1 -67.0 100.0 6.14 None 10 None None None None
163 GLG163 9.63816666667 0.000111111111111 41.4808861111 0.000138888888889 8.3 0.72 7.09 0.72 6.2 0.7 4.7 0.4 20.0 7.0 0.8 None 10 None None None None
164 GLG164 9.75420833333 0.000152777777778 41.6932083333 0.000177777777778 6.54 0.59 4.69 0.59 7.3 1.3 4.8 0.5 34.0 9.0 0.74 None 10 None None None None
165 GLG165 10.8745416667 0.0001 40.4629416667 0.000127777777778 7.37 0.51 5.18 0.51 6.8 0.5 5.2 0.3 12.0 3.0 0.59 None 10 None None None None
166 GLG166 11.3516666667 0.000147222222222 41.9271583333 0.000180555555556 4.98 0.62 4.96 0.62 5.6 1.1 4.5 0.7 -9.0 5.0 0.68 None 10 None None None None
167 GLG167 11.5933333333 0.000108333333333 41.7386916667 0.000147222222222 6.1 0.55 5.43 0.55 6.5 0.8 4.3 0.3 -19.0 4.0 0.6 None 10 None None None None
168 GLG168 11.652 0.000183333333333 40.8823638889 0.000163888888889 5.49 0.55 4.12 0.55 6.1 1.2 5.4 0.9 78.0 82.0 0.7 None 10 None None None None
169 GLG169 9.66254166667 5.83333333333e-05 41.5595583333 5.27777777778e-05 24.42 1.01 12.96 1.01 7.6 0.1 6.2 0.0 67.0 10.0 0.79 None 10 None None None None
170 GLG170 10.366875 0.000122222222222 42.0618583333 0.000116666666667 7.2 0.71 7.34 0.71 5.1 0.5 4.8 0.4 -86.0 145.0 0.73 None 10 None None None None
171 GLG171 11.7034583333 4.72222222222e-05 41.5991222222 5.55555555556e-05 18.88 1.09 17.69 1.09 5.7 0.1 4.7 0.0 -2.0 0.0 0.74 None 10 None None None None
172 GLG172 11.6749583333 0.0001 41.6762305556 0.000113888888889 9.01 0.59 6.32 0.59 7.4 0.5 4.8 0.2 36.0 5.0 0.65 None 10 None None None None
173 GLG173 10.1660416667 0.000169444444444 42.0183555556 0.000125 7.6 0.61 5.11 0.61 7.1 1.0 5.2 0.5 -87.0 28.0 0.77 None 10 None None None None
174 GLG174 11.7645416667 4.44444444444e-05 41.5283138889 6.66666666667e-05 15.22 0.74 10.48 0.74 7.6 0.1 4.8 0.0 -6.0 0.0 0.55 None 10 None None None None
175 GLG175 11.4252083333 7.77777777778e-05 41.9194805556 8.88888888889e-05 10.51 0.79 10.37 0.79 5.4 0.2 4.7 0.2 -16.0 7.0 0.72 None 10 None None None None
176 GLG176 11.5739166667 0.000138888888889 40.7445555556 0.000138888888889 5.2 0.66 6.12 0.66 5.0 0.8 4.3 0.5 46.0 38.0 0.66 None 10 None None None None
177 GLG177 9.91579166667 4.72222222222e-05 41.9141111111 5.27777777778e-05 19.06 1.18 19.85 1.18 5.2 0.0 4.6 0.0 3.0 1.0 0.8 None 10 None None None None
178 GLG178 9.56895833333 0.000566666666667 41.4728805556 0.000555555555556 46.39 5.9 13.06 1.4 38.8 12.0 36.6 10.7 -55.0 59.0 2.93 None 10 None None None None
179 GLG179 11.8415416667 0.000119444444444 41.2090277778 8.05555555556e-05 16.7 0.65 6.14 0.65 11.2 0.5 6.1 0.1 66.0 4.0 0.8 None 10 None None None None
180 GLG180 9.87416666667 7.5e-05 41.8870555556 7.5e-05 13.57 0.88 11.93 0.88 5.6 0.2 5.1 0.1 -43.0 26.0 0.79 None 10 None None None None
181 GLG181 9.55854166667 0.000138888888889 41.085575 0.000141666666667 5.36 0.54 4.87 0.54 5.3 0.7 5.2 0.7 -20.0 121.0 0.61 None 10 None None None None
182 GLG182 9.784375 5.83333333333e-05 41.8226722222 6.11111111111e-05 11.97 0.83 13.22 0.83 5.0 0.1 4.6 0.1 20.0 12.0 0.61 None 10 None None None None
183 GLG183 10.51975 5.55555555556e-05 40.4016555556 4.72222222222e-05 23.12 1.28 20.22 1.28 5.8 0.0 4.9 0.0 85.0 19.0 0.88 None 10 None None None None
184 GLG184 9.523375 8.88888888889e-05 41.3379388889 9.72222222222e-05 8.78 0.65 7.77 0.65 5.7 0.3 5.0 0.2 30.0 16.0 0.64 None 10 None None None None
185 GLG185 11.6884166667 0.000405555555556 41.7454666667 0.000566666666667 73.38 7.26 16.42 1.48 50.8 11.8 35.2 5.6 12.0 1.0 3.51 None 10 None None None None
186 GLG186 9.60345833333 1.66666666667e-05 41.6184 1.66666666667e-05 710.23 35.47 710.2 35.47 5.3 0.0 4.7 0.0 7.0 0.0 1.64 None 10 None None None None
187 GLG187 11.4695833333 0.000461111111111 40.6076611111 0.000469444444444 73.69 8.33 24.05 2.39 38.0 9.0 32.2 6.5 41.0 13.0 4.13 None 10 None None None None
188 GLG188 11.784625 0.000511111111111 41.6232361111 0.000558333333333 61.78 6.67 13.78 1.32 46.0 12.0 39.0 8.6 -28.0 9.0 3.29 None 10 None None None None
189 GLG189 9.95104166667 0.000988888888889 40.5763888889 0.000894444444444 12.57 11.71 16.2 5.27 18.8 36.2 16.5 27.8 69.0 120.0 2.84 None 10 None None None None
190 GLG190 11.4903333333 0.000138888888889 41.9356305556 0.000141666666667 7.0 0.55 4.8 0.55 6.5 0.8 5.6 0.6 -41.0 27.0 0.69 None 10 None None None None
191 GLG191 9.81420833333 0.000111111111111 41.87845 0.000119444444444 6.99 0.52 5.33 0.52 6.3 0.5 5.2 0.3 31.0 13.0 0.59 None 10 None None None None
192 GLG192 10.6504583333 2.77777777778e-05 40.3745027778 2.77777777778e-05 50.16 2.68 52.04 2.68 5.1 0.0 4.7 0.0 -15.0 3.0 1.0 None 10 None None None None
193 GLG193 11.5403333333 0.0001 41.9113055556 9.72222222222e-05 8.63 0.68 7.82 0.68 5.4 0.3 5.1 0.3 46.0 64.0 0.68 None 10 None None None None
194 GLG194 11.86275 0.000155555555556 41.4739666667 0.000166666666667 5.09 0.64 5.27 0.64 5.3 1.0 4.5 0.7 31.0 26.0 0.7 None 10 None None None None
195 GLG195 9.64045833333 9.72222222222e-05 40.8323833333 0.000125 7.49 0.64 6.82 0.64 5.9 0.5 4.6 0.3 0.0 0.0 0.67 None 10 None None None None
196 GLG196 11.7749166667 9.44444444444e-05 40.8770361111 0.000108333333333 8.13 0.8 9.46 0.8 5.0 0.4 4.3 0.3 -1.0 0.0 0.75 None 10 None None None None
197 GLG197 9.489125 0.000141666666667 41.3653027778 0.000175 6.24 0.54 4.31 0.54 6.7 1.1 5.4 0.7 -11.0 5.0 0.69 None 10 None None None None
198 GLG198 10.1262083333 7.22222222222e-05 40.4651388889 9.16666666667e-05 11.79 0.79 10.15 0.79 6.2 0.3 4.7 0.1 13.0 2.0 0.74 None 10 None None None None
199 GLG199 11.8619583333 3.33333333333e-05 41.5328805556 2.5e-05 49.06 2.0 30.26 2.0 7.7 0.0 5.3 0.0 84.0 3.0 0.79 None 10 None None None None
200 GLG200 10.2972083333 2.77777777778e-05 40.4029416667 3.05555555556e-05 45.74 2.58 51.26 2.58 4.9 0.0 4.6 0.0 13.0 4.0 0.96 None 10 None None None None
201 GLG201 9.46979166667 0.000644444444444 41.3819972222 0.000441666666667 54.22 5.87 12.22 1.17 52.8 15.6 33.6 6.3 -74.0 8.0 2.87 None 10 None None None None
202 GLG202 11.5135416667 0.000583333333333 41.9677027778 0.000308333333333 112.04 8.73 14.62 1.1 76.7 12.3 40.0 3.3 -85.0 3.0 3.62 None 10 None None None None
203 GLG203 10.4725833333 3.88888888889e-05 40.3548027778 4.16666666667e-05 36.97 1.71 26.77 1.71 6.2 0.0 5.5 0.0 -7.0 1.0 1.0 None 10 None None None None
204 GLG204 11.4031666667 2.5e-05 40.5010027778 3.33333333333e-05 70.04 4.29 26.22 1.51 12.5 0.0 5.3 0.0 27.0 0.0 0.72 None 10 None None None None
205 GLG205 10.7264166667 9.16666666667e-05 40.3289638889 0.000191666666667 14.59 1.88 5.48 0.53 12.1 1.3 5.5 0.2 6.0 0.0 0.99 None 10 None None None None
206 GLG206 11.7225833333 4.72222222222e-05 40.7365361111 5e-05 22.8 1.19 18.63 1.19 6.4 0.1 4.8 0.0 39.0 4.0 0.8 None 10 None None None None
207 GLG207 11.7225 0.00055 41.8179277778 0.000775 44.8 9.29 20.15 2.89 36.1 22.2 24.7 10.3 12.0 2.0 4.13 None 10 None None None None
208 GLG208 11.1992916667 0.000108333333333 42.1386361111 0.000147222222222 8.48 0.65 6.16 0.65 7.1 0.8 4.9 0.3 16.0 3.0 0.76 None 10 None None None None
209 GLG209 10.5670833333 9.44444444444e-05 40.3265472222 9.72222222222e-05 10.47 0.89 10.57 0.89 5.1 0.3 4.9 0.3 25.0 52.0 0.85 None 10 None None None None
210 GLG210 9.53291666667 0.000125 40.8815972222 8.61111111111e-05 11.16 0.67 7.03 0.67 7.6 0.5 5.2 0.2 82.0 14.0 0.77 None 10 None None None None
211 GLG211 9.73875 0.000325 41.911775 0.000505555555556 40.38 6.56 32.03 3.97 28.0 9.2 18.0 3.8 -2.0 0.0 3.1 None 10 None None None None
212 GLG212 11.4844166667 5.27777777778e-05 40.5073916667 5.83333333333e-05 18.49 1.14 18.32 1.14 5.3 0.1 4.7 0.0 16.0 6.0 0.83 None 10 None None None None
213 GLG213 11.8880416667 0.000405555555556 41.6485555556 5.83333333333e-05 4.86 2.53 9.07 0.97 9.9 5.9 1.4 0.1 89.0 4.0 0.84 None 10 None None None None
214 GLG214 10.6402083333 0.000144444444444 40.2967944444 0.000152777777778 7.99 0.9 7.73 0.9 5.3 0.8 4.9 0.7 -19.0 30.0 0.99 None 10 None None None None
215 GLG215 11.9260833333 0.000169444444444 41.5845222222 0.000152777777778 4.2 0.45 3.72 0.45 6.6 1.3 4.3 0.5 52.0 14.0 0.51 None 10 None None None None
216 GLG216 9.4995 3.33333333333e-05 40.8861611111 3.33333333333e-05 28.95 1.59 30.02 1.59 5.0 0.0 4.8 0.0 -1.0 1.0 0.72 None 10 None None None None
217 GLG217 11.6780416667 8.61111111111e-05 41.9173583333 7.77777777778e-05 12.22 0.78 9.85 0.78 6.1 0.2 5.1 0.1 60.0 20.0 0.74 None 10 None None None None
218 GLG218 9.4305 0.000152777777778 41.0223305556 0.000163888888889 5.08 0.68 5.63 0.68 5.0 1.0 4.5 0.8 24.0 32.0 0.72 None 10 None None None None
219 GLG219 11.909 2.22222222222e-05 40.9233305556 1.94444444444e-05 86.53 3.66 61.12 3.66 6.4 0.0 5.5 0.0 88.0 4.0 0.73 None 10 None None None None
220 GLG220 11.5000833333 0.000427777777778 40.5030277778 0.000433333333333 80.94 11.72 49.07 5.73 26.3 6.9 25.1 6.3 37.0 56.0 5.74 None 10 None None None None
221 GLG221 9.81479166667 0.000130555555556 42.0064916667 0.000222222222222 6.35 0.59 4.44 0.59 7.8 1.7 4.6 0.6 -1.0 0.0 0.76 None 10 None None None None
222 GLG222 9.81420833333 5.83333333333e-05 42.0087111111 8.88888888889e-05 19.11 0.83 9.76 0.83 9.4 0.3 5.2 0.0 -19.0 1.0 0.8 None 10 None None None None
223 GLG223 9.427375 0.000119444444444 41.5601611111 0.000161111111111 7.37 0.75 6.86 0.75 6.3 0.9 4.3 0.4 18.0 5.0 0.82 None 10 None None None None
224 GLG224 9.95933333333 0.000133333333333 40.4488361111 0.000155555555556 6.38 0.76 6.82 0.76 5.3 0.8 4.4 0.6 -12.0 8.0 0.8 None 10 None None None None
225 GLG225 9.47008333333 0.000113888888889 41.6545055556 0.000111111111111 10.04 0.82 8.67 0.82 5.8 0.5 5.0 0.3 -51.0 30.0 0.87 None 10 None None None None
226 GLG226 10.8365833333 0.000180555555556 42.2645638889 0.000155555555556 4.79 0.58 4.54 0.58 5.6 1.1 4.7 0.8 73.0 57.0 0.66 None 10 None None None None
227 GLG227 9.62733333333 0.00015 41.8754555556 0.000155555555556 138.53 10.4 120.12 8.83 23.2 0.9 19.9 0.7 40.0 7.0 4.16 None 10 None None None None
228 GLG228 12.0088333333 0.000513888888889 41.4256222222 0.000533333333333 80.87 8.57 18.08 1.72 45.5 11.3 39.3 8.4 -37.0 13.0 4.23 None 10 None None None None
229 GLG229 9.88370833333 0.000102777777778 42.0735916667 0.0001 7.4 0.66 7.64 0.66 5.1 0.3 4.8 0.3 -52.0 75.0 0.64 None 10 None None None None
230 GLG230 11.09 0.000152777777778 40.3145805556 0.000169444444444 85.52 6.74 82.5 6.31 21.5 1.0 19.2 0.8 -15.0 4.0 2.87 None 10 None None None None
231 GLG231 9.40904166667 0.000122222222222 40.9946083333 0.000138888888889 5.86 0.66 6.49 0.66 5.1 0.7 4.4 0.5 -8.0 6.0 0.68 None 10 None None None None
232 GLG232 10.5920416667 5.55555555556e-05 40.2681527778 5.27777777778e-05 30.36 2.0 33.04 2.0 4.9 0.1 4.7 0.0 -74.0 82.0 1.41 None 10 None None None None
233 GLG233 10.994 0.000622222222222 42.2563666667 0.000625 20.66 8.24 23.59 4.92 19.6 15.3 17.8 12.6 43.0 63.0 2.92 None 10 None None None None
234 GLG234 9.34145833333 6.38888888889e-05 41.2809166667 6.38888888889e-05 14.58 0.78 10.79 0.78 6.4 0.1 5.3 0.1 -43.0 10.0 0.66 None 10 None None None None
235 GLG235 10.546375 1.94444444444e-05 42.2843694444 1.94444444444e-05 120.22 6.03 118.84 6.03 5.3 0.0 4.8 0.0 9.0 0.0 0.82 None 10 None None None None
236 GLG236 9.78408333333 9.44444444444e-05 42.0356777778 0.000105555555556 9.27 0.73 8.31 0.73 5.9 0.4 4.7 0.2 30.0 10.0 0.74 None 10 None None None None
237 GLG237 10.1848333333 0.000122222222222 42.2222777778 0.000211111111111 7.33 0.72 5.79 0.72 7.7 1.6 4.1 0.4 13.0 2.0 0.87 None 10 None None None None
238 GLG238 11.8462083333 0.000205555555556 40.7353805556 0.000216666666667 147.56 12.74 114.11 9.36 23.9 1.7 21.6 1.4 -29.0 11.0 5.84 None 10 None None None None
239 GLG239 10.1845833333 0.0001 42.2242416667 0.000125 7.73 0.7 7.58 0.7 5.7 0.5 4.4 0.3 -12.0 4.0 0.72 None 10 None None None None
240 GLG240 11.5534583333 7.22222222222e-05 42.0703388889 8.33333333333e-05 14.37 0.84 10.61 0.84 6.4 0.2 5.3 0.1 -16.0 4.0 0.8 None 10 None None None None
241 GLG241 9.72191666667 6.94444444444e-05 41.9998166667 7.5e-05 13.72 1.0 14.13 1.0 5.1 0.1 4.8 0.1 8.0 8.0 0.84 None 10 None None None None
242 GLG242 11.7290833333 0.000130555555556 40.6053861111 0.000163888888889 253.91 17.79 160.25 11.1 28.5 0.9 22.3 0.5 12.0 1.0 6.23 None 10 None None None None
243 GLG243 11.5385416667 9.16666666667e-05 42.0904333333 0.000108333333333 8.27 0.67 7.68 0.67 5.7 0.4 4.8 0.3 11.0 5.0 0.67 None 10 None None None None
244 GLG244 9.440375 0.000155555555556 41.7136055556 0.000113888888889 7.48 0.59 5.32 0.59 7.0 0.8 5.1 0.4 -81.0 23.0 0.7 None 10 None None None None
245 GLG245 9.36625 0.000533333333333 41.5717388889 0.00120833333333 34.6 9.68 13.8 2.25 47.8 52.5 21.0 10.1 -2.0 0.0 3.71 None 10 None None None None
246 GLG246 10.0263333333 4.44444444444e-05 40.3627305556 4.72222222222e-05 22.9 1.29 21.63 1.29 5.3 0.0 5.0 0.0 -37.0 23.0 0.82 None 10 None None None None
247 GLG247 11.9565416667 0.000569444444444 41.6973777778 0.000577777777778 40.83 9.25 27.46 4.18 26.5 13.7 22.5 9.9 -41.0 25.0 4.04 None 10 None None None None
248 GLG248 9.31583333333 0.000158333333333 41.4171333333 0.000186111111111 5.54 0.66 5.13 0.66 6.0 1.3 4.5 0.7 26.0 12.0 0.76 None 10 None None None None
249 GLG249 9.614625 0.0003 41.9384861111 0.000288888888889 66.35 7.27 51.48 5.0 26.0 3.9 19.8 2.2 48.0 9.0 3.58 None 10 None None None None
250 GLG250 11.88 8.33333333333e-05 41.8232611111 0.000116666666667 13.75 0.71 7.67 0.71 9.1 0.5 4.9 0.1 26.0 2.0 0.79 None 10 None None None None
251 GLG251 10.8094583333 0.000680555555556 42.3147722222 0.000363888888889 83.82 8.32 17.04 1.53 61.1 16.7 32.2 4.6 -84.0 5.0 3.97 None 10 None None None None
252 GLG252 10.366 7.5e-05 40.2505361111 6.11111111111e-05 24.19 1.07 13.36 1.07 8.7 0.2 5.2 0.0 57.0 4.0 0.95 None 10 None None None None
253 GLG253 11.6045833333 8.61111111111e-05 42.0743138889 8.05555555556e-05 14.0 0.9 11.19 0.9 5.9 0.2 5.3 0.2 -69.0 39.0 0.86 None 10 None None None None
254 GLG254 10.618375 0.000116666666667 42.3239805556 0.00015 7.22 0.74 7.0 0.74 5.8 0.8 4.4 0.4 -13.0 5.0 0.8 None 10 None None None None
255 GLG255 12.0480833333 8.33333333333e-05 41.0113472222 9.72222222222e-05 8.98 0.63 7.75 0.63 6.0 0.3 4.8 0.2 -22.0 6.0 0.62 None 10 None None None None
256 GLG256 10.2685416667 0.00015 40.2669444444 0.000191666666667 5.27 0.72 5.67 0.72 5.7 1.4 4.1 0.7 18.0 8.0 0.77 None 10 None None None None
257 GLG257 11.0679583333 0.000372222222222 40.2534666667 0.000655555555556 53.3 6.42 16.96 1.73 48.0 15.8 26.2 4.7 -9.0 0.0 3.12 None 10 None None None None
258 GLG258 9.332 7.77777777778e-05 41.0034388889 7.77777777778e-05 12.81 0.93 12.54 0.93 5.1 0.2 5.0 0.2 24.0 78.0 0.83 None 10 None None None None
259 GLG259 11.4602083333 2.5e-05 40.3824944444 2.5e-05 43.98 2.14 38.81 2.14 5.6 0.0 5.1 0.0 -54.0 9.0 0.69 None 10 None None None None
260 GLG260 11.7244166667 1.94444444444e-05 40.5383055556 1.94444444444e-05 175.79 7.78 136.33 7.78 6.6 0.0 4.9 0.0 3.0 0.0 0.96 None 10 None None None None
261 GLG261 11.4770833333 9.16666666667e-05 40.3794555556 0.000105555555556 8.06 0.72 8.66 0.72 5.2 0.4 4.4 0.2 -2.0 1.0 0.69 None 10 None None None None
262 GLG262 9.26383333333 6.66666666667e-05 41.350725 0.000130555555556 13.04 1.51 8.92 0.74 8.6 0.6 4.2 0.1 -4.0 0.0 0.84 None 10 None None None None
263 GLG263 9.48808333333 4.72222222222e-05 41.8813666667 6.94444444444e-05 26.26 1.08 13.42 1.08 8.5 0.1 5.8 0.0 2.0 0.0 0.88 None 10 None None None None
264 GLG264 11.0388333333 0.000622222222222 40.2159861111 0.000994444444444 33.48 7.3 10.84 1.59 44.6 35.7 27.7 13.8 -4.0 0.0 3.17 None 10 None None None None
265 GLG265 9.38354166667 0.00015 40.8112138889 0.000161111111111 3.94 0.52 4.41 0.52 5.2 1.0 4.3 0.7 33.0 24.0 0.54 None 10 None None None None
266 GLG266 10.3574583333 3.05555555556e-05 40.2102638889 4.16666666667e-05 96.05 2.13 18.31 2.13 14.4 0.0 9.1 0.0 3.0 0.0 1.09 None 10 None None None None
267 GLG267 9.73083333333 0.000533333333333 40.4570722222 0.000697222222222 35.11 5.91 13.69 1.73 39.0 19.0 26.3 8.6 22.0 4.0 2.78 None 10 None None None None
268 GLG268 9.272 0.000558333333333 41.0419944444 0.000969444444444 47.08 7.55 11.2 1.36 55.4 34.6 30.4 10.4 10.0 1.0 3.53 None 10 None None None None
269 GLG269 10.340875 0.000569444444444 40.2065916667 0.000508333333333 73.17 11.99 34.54 4.35 31.7 12.3 26.7 8.7 65.0 29.0 5.73 None 10 None None None None
270 GLG270 9.283625 0.000341666666667 41.5822805556 0.000427777777778 104.57 12.48 58.91 6.03 33.2 7.5 21.4 3.1 -28.0 3.0 6.13 None 10 None None None None
271 GLG271 9.273625 0.000166666666667 41.5926611111 0.000130555555556 10.17 0.81 6.82 0.81 7.5 1.1 5.0 0.5 -63.0 15.0 1.01 None 10 None None None None
272 GLG272 10.5726666667 1.66666666667e-05 40.1634194444 1.66666666667e-05 2184.89 104.78 1995.34 104.78 5.4 0.0 5.1 0.0 51.0 2.0 4.99 None 10 None None None None
273 GLG273 9.265375 3.61111111111e-05 40.9788111111 3.61111111111e-05 33.37 1.71 29.93 1.71 5.5 0.0 5.0 0.0 -64.0 17.0 0.86 None 10 None None None None
274 GLG274 11.8469166667 9.16666666667e-05 41.9817083333 0.000119444444444 13.73 0.75 7.77 0.75 8.6 0.5 5.2 0.2 26.0 3.0 0.86 None 10 None None None None
275 GLG275 9.26545833333 0.000205555555556 41.6003111111 0.000238888888889 165.02 13.38 99.45 7.76 31.3 2.4 21.2 1.1 -33.0 2.0 5.83 None 10 None None None None
276 GLG276 9.77416666667 3.88888888889e-05 42.15685 4.44444444444e-05 25.89 1.48 26.11 1.48 5.3 0.0 4.7 0.0 9.0 2.0 0.83 None 10 None None None None
277 GLG277 10.0212083333 0.000169444444444 40.2689305556 0.000122222222222 10.06 0.64 5.4 0.64 9.0 1.1 5.2 0.3 64.0 9.0 0.86 None 10 None None None None
278 GLG278 9.191875 2.5e-05 41.3409361111 3.05555555556e-05 46.58 2.05 33.74 2.05 7.4 0.0 4.7 0.0 4.0 0.0 0.7 None 10 None None None None
279 GLG279 12.128125 5.27777777778e-05 41.6217722222 5.83333333333e-05 19.35 1.23 20.04 1.23 5.2 0.1 4.6 0.0 4.0 1.0 0.88 None 10 None None None None
280 GLG280 11.6035 1.94444444444e-05 40.3709444444 1.94444444444e-05 69.8 3.44 67.22 3.44 5.4 0.0 4.8 0.0 17.0 1.0 0.52 None 10 None None None None
281 GLG281 10.4375416667 0.000122222222222 42.3988277778 0.000130555555556 8.94 0.87 8.44 0.87 5.4 0.6 4.9 0.5 16.0 17.0 0.93 None 10 None None None None
282 GLG282 10.208 0.000441666666667 40.1890277778 0.000583333333333 84.09 8.06 15.56 1.37 55.1 12.8 39.2 6.4 -16.0 2.0 3.86 None 10 None None None None
283 GLG283 11.51825 0.000327777777778 40.3085305556 0.000358333333333 74.29 10.37 66.63 7.6 22.5 4.7 19.9 3.7 21.0 11.0 5.1 None 10 None None None None
284 GLG284 11.7007916667 1.66666666667e-05 42.1489638889 1.66666666667e-05 450.86 19.58 337.21 19.58 6.6 0.0 5.1 0.0 2.0 0.0 1.13 None 10 None None None None
285 GLG285 11.161 8.88888888889e-05 42.3741583333 9.44444444444e-05 15.19 0.86 9.52 0.86 6.6 0.3 6.1 0.2 4.0 3.0 0.92 None 10 None None None None
286 GLG286 10.1727083333 0.000144444444444 40.1820027778 0.000127777777778 6.84 0.87 8.3 0.87 5.0 0.7 4.1 0.5 66.0 41.0 0.86 None 10 None None None None
287 GLG287 9.226625 6.38888888889e-05 40.9164555556 7.22222222222e-05 16.53 0.97 13.24 0.97 6.0 0.1 5.2 0.1 -1.0 0.0 0.84 None 10 None None None None
288 GLG288 10.398625 7.22222222222e-05 42.4130361111 8.33333333333e-05 14.21 1.09 15.07 1.09 5.2 0.2 4.5 0.1 -5.0 2.0 0.95 None 10 None None None None
289 GLG289 9.694375 8.88888888889e-05 40.3840583333 0.000113888888889 11.06 0.77 8.55 0.77 6.5 0.4 4.9 0.2 9.0 2.0 0.83 None 10 None None None None
290 GLG290 9.13945833333 4.16666666667e-05 41.2361361111 4.44444444444e-05 26.99 1.54 26.89 1.54 5.1 0.0 4.9 0.0 -10.0 8.0 0.91 None 10 None None None None
291 GLG291 9.95529166667 0.000527777777778 40.2462305556 0.000433333333333 73.56 7.27 16.53 1.49 47.2 10.2 37.7 6.5 -76.0 16.0 3.53 None 10 None None None None
292 GLG292 12.231 0.000552777777778 41.1205 0.000533333333333 53.92 7.53 19.58 2.23 37.1 12.9 29.7 8.3 -49.0 15.0 3.69 None 10 None None None None
293 GLG293 9.99575 0.00035 40.2284388889 0.000369444444444 53.0 7.73 46.36 5.43 22.9 5.3 20.0 4.0 33.0 17.0 3.77 None 10 None None None None
294 GLG294 9.69695833333 0.000105555555556 40.3748527778 0.000161111111111 11.51 0.76 6.81 0.76 8.1 0.9 5.2 0.3 -0.0 0.0 0.97 None 10 None None None None
295 GLG295 11.4685833333 0.000486111111111 40.2593722222 0.0004 116.09 10.31 22.98 1.92 50.9 8.8 39.7 5.4 -70.0 11.0 4.8 None 10 None None None None
296 GLG296 12.1929166667 0.0001 41.6213777778 0.000125 203.17 13.47 140.59 9.27 28.1 0.5 20.6 0.3 -22.0 1.0 3.94 None 10 None None None None
297 GLG297 10.5465 0.000158333333333 42.4459638889 0.000144444444444 7.08 0.85 7.21 0.85 5.3 0.9 4.7 0.7 65.0 69.0 0.91 None 10 None None None None
298 GLG298 9.13204166667 0.000127777777778 41.1436361111 0.000152777777778 7.11 0.73 6.63 0.73 5.7 0.8 4.7 0.5 2.0 1.0 0.81 None 10 None None None None
299 GLG299 10.9826666667 0.000116666666667 40.1073416667 0.000113888888889 10.63 0.94 9.77 0.94 5.5 0.5 5.0 0.4 50.0 48.0 0.98 None 10 None None None None
300 GLG300 11.6642083333 8.33333333333e-05 42.2098916667 8.05555555556e-05 13.6 1.01 13.41 1.01 5.2 0.2 4.8 0.2 -51.0 44.0 0.93 None 10 None None None None
301 GLG301 10.1863333333 0.0006 40.1474972222 0.000641666666667 65.61 8.95 17.24 1.93 41.9 15.8 36.3 11.9 -31.0 14.0 4.41 None 10 None None None None
302 GLG302 11.0437083333 4.16666666667e-05 42.4303111111 4.16666666667e-05 31.42 1.77 30.59 1.77 5.1 0.0 5.0 0.0 -50.0 86.0 1.06 None 10 None None None None
303 GLG303 9.493 0.000480555555556 42.0561805556 0.000455555555556 83.34 7.8 16.95 1.47 45.6 8.3 43.2 7.4 -88.0 73.0 3.73 None 10 None None None None
304 GLG304 12.0877916667 0.000666666666667 40.7075972222 0.000491666666667 131.82 13.64 22.94 2.14 56.3 16.2 40.8 8.5 -80.0 12.0 6.67 None 10 None None None None
305 GLG305 10.0995416667 0.000152777777778 40.1582694444 7.77777777778e-05 26.99 1.31 12.32 1.31 10.4 0.8 5.3 0.2 -85.0 7.0 1.67 None 10 None None None None
306 GLG306 9.28895833333 0.000141666666667 41.8573444444 0.000155555555556 6.5 0.79 6.83 0.79 5.3 0.9 4.5 0.6 25.0 20.0 0.83 None 10 None None None None
307 GLG307 9.1705 0.000113888888889 40.9087444444 0.000111111111111 11.52 0.76 7.58 0.76 6.3 0.4 6.1 0.4 51.0 121.0 0.88 None 10 None None None None
308 GLG308 9.93529166667 0.000127777777778 42.3344305556 0.000180555555556 6.83 0.86 7.32 0.86 5.8 1.2 4.0 0.5 10.0 3.0 0.91 None 10 None None None None
309 GLG309 9.66541666667 7.77777777778e-05 42.2141527778 8.61111111111e-05 14.7 1.11 14.54 1.11 5.4 0.2 4.7 0.2 -19.0 9.0 1.0 None 10 None None None None
310 GLG310 9.197875 8.88888888889e-05 40.8168444444 8.88888888889e-05 13.35 1.08 13.8 1.08 5.1 0.2 4.7 0.2 -45.0 41.0 1.0 None 10 None None None None
311 GLG311 9.71075 0.000497222222222 40.3070694444 0.000727777777778 54.95 7.01 13.26 1.42 49.4 19.2 33.5 8.8 6.0 0.0 3.45 None 10 None None None None
312 GLG312 9.216 0.000522222222222 41.78355 0.000633333333333 74.95 9.02 18.07 1.87 46.1 15.1 36.0 9.2 19.0 4.0 4.47 None 10 None None None None
313 GLG313 9.38879166667 7.22222222222e-05 42.0040333333 7.77777777778e-05 14.22 0.99 13.66 0.99 5.5 0.2 4.7 0.1 -25.0 10.0 0.87 None 10 None None None None
314 GLG314 11.2750833333 5.83333333333e-05 40.1361083333 5.83333333333e-05 23.16 1.34 20.08 1.34 5.9 0.1 4.9 0.0 -50.0 12.0 1.03 None 10 None None None None
315 GLG315 10.9889166667 0.000172222222222 40.0712083333 0.000158333333333 7.66 0.87 6.89 0.87 5.7 1.1 4.8 0.8 -59.0 45.0 1.02 None 10 None None None None
316 GLG316 12.3133333333 0.000141666666667 41.4155305556 0.000169444444444 6.13 0.69 5.81 0.69 5.9 1.1 4.5 0.6 -23.0 10.0 0.77 None 10 None None None None
317 GLG317 11.5905416667 0.000108333333333 40.2512611111 0.000127777777778 8.54 0.86 9.03 0.86 5.3 0.5 4.5 0.4 10.0 6.0 0.86 None 10 None None None None
318 GLG318 9.08266666667 5.55555555556e-05 41.0681222222 6.38888888889e-05 17.98 1.18 18.38 1.18 5.3 0.1 4.6 0.1 -1.0 0.0 0.9 None 10 None None None None
319 GLG319 11.9535833333 0.000136111111111 42.0627194444 0.000158333333333 10.2 0.83 7.1 0.83 7.1 1.0 5.1 0.5 -30.0 9.0 1.03 None 10 None None None None
320 GLG320 9.111875 8.05555555556e-05 41.6208666667 9.44444444444e-05 12.42 0.9 11.11 0.9 5.8 0.3 4.8 0.2 -17.0 6.0 0.87 None 10 None None None None
321 GLG321 11.5244166667 0.000105555555556 42.3430805556 8.88888888889e-05 12.09 0.86 10.03 0.86 6.3 0.4 4.8 0.2 -65.0 17.0 0.88 None 10 None None None None
322 GLG322 12.1740416667 7.77777777778e-05 40.7394277778 7.5e-05 25.86 1.04 11.68 1.04 9.6 0.3 5.7 0.1 47.0 3.0 1.05 None 10 None None None None
323 GLG323 12.184375 1.94444444444e-05 40.7508611111 1.94444444444e-05 287.12 9.88 135.16 9.88 8.4 0.0 6.3 0.0 -32.0 0.0 1.7 None 10 None None None None
324 GLG324 10.4744583333 5.55555555556e-05 40.0406222222 5.83333333333e-05 33.14 2.13 33.64 2.13 5.2 0.1 4.8 0.1 39.0 22.0 1.55 None 10 None None None None
325 GLG325 11.6983333333 0.000116666666667 40.2890472222 0.000133333333333 10.38 0.91 8.96 0.91 6.1 0.7 4.7 0.4 -26.0 9.0 1.01 None 10 None None None None
326 GLG326 9.05225 1.66666666667e-05 41.4704833333 1.66666666667e-05 255.56 12.33 240.02 12.33 5.6 0.0 4.7 0.0 -5.0 0.0 0.92 None 10 None None None None
327 GLG327 9.05108333333 0.000147222222222 41.0962472222 0.000183333333333 7.19 0.8 6.29 0.8 6.0 1.2 4.8 0.7 -7.0 4.0 0.93 None 10 None None None None
328 GLG328 11.4380416667 0.00065 40.1604611111 0.000822222222222 43.27 7.51 12.13 1.57 43.9 25.5 32.5 14.0 -19.0 5.0 3.52 None 10 None None None None
329 GLG329 12.297875 8.61111111111e-05 41.5992722222 9.72222222222e-05 13.02 0.85 9.96 0.85 6.3 0.3 5.2 0.2 -25.0 8.0 0.86 None 10 None None None None
330 GLG330 11.0465416667 0.000561111111111 40.0493805556 0.000527777777778 70.72 7.74 15.59 1.51 44.3 11.5 40.9 9.8 71.0 48.0 3.83 None 10 None None None None
331 GLG331 12.0403333333 0.000141666666667 40.54425 0.000152777777778 7.53 0.77 6.68 0.77 5.5 0.8 5.1 0.7 3.0 5.0 0.88 None 10 None None None None
332 GLG332 12.3389583333 0.000605555555556 41.4810694444 0.000547222222222 68.48 7.51 13.59 1.32 47.4 13.2 42.5 10.6 79.0 39.0 3.72 None 10 None None None None
333 GLG333 9.33904166667 1.94444444444e-05 42.0236027778 2.22222222222e-05 130.36 6.02 109.41 6.02 6.3 0.0 4.7 0.0 21.0 0.0 1.23 None 10 None None None None
334 GLG334 9.95525 0.000433333333333 42.4062638889 0.000811111111111 67.5 8.32 15.38 1.59 57.8 23.9 30.4 6.6 5.0 0.0 4.03 None 10 None None None None
335 GLG335 9.03279166667 0.000116666666667 41.4791138889 0.000122222222222 8.89 0.77 7.7 0.77 5.6 0.5 5.2 0.4 -31.0 39.0 0.83 None 10 None None None None
336 GLG336 9.55604166667 6.11111111111e-05 42.2085138889 6.38888888889e-05 18.82 1.31 20.35 1.31 5.0 0.1 4.6 0.1 12.0 7.0 1.01 None 10 None None None None
337 GLG337 11.540375 8.88888888889e-05 42.3675666667 0.000102777777778 13.72 1.03 12.14 1.03 5.7 0.3 5.0 0.2 2.0 1.0 1.03 None 10 None None None None
338 GLG338 11.886375 0.000477777777778 42.1728222222 0.000636111111111 48.09 5.83 12.71 1.32 45.0 14.6 33.6 8.1 -5.0 1.0 2.88 None 10 None None None None
339 GLG339 11.9962916667 2.22222222222e-05 42.0870416667 2.22222222222e-05 99.94 5.07 98.85 5.07 5.3 0.0 4.8 0.0 -1.0 0.0 1.11 None 10 None None None None
340 GLG340 9.437625 1.66666666667e-05 40.4206138889 1.66666666667e-05 263.31 11.66 206.64 11.66 6.1 0.0 5.2 0.0 36.0 0.0 1.02 None 10 None None None None
341 GLG341 9.78504166667 0.000141666666667 42.358175 0.000147222222222 6.2 0.73 6.52 0.73 5.2 0.8 4.6 0.6 33.0 33.0 0.77 None 10 None None None None
342 GLG342 9.88675 0.000133333333333 40.1435388889 0.000155555555556 156.98 11.37 126.12 8.99 24.4 0.8 20.4 0.6 17.0 2.0 4.28 None 10 None None None None
343 GLG343 9.03291666667 0.000113888888889 41.6043611111 0.000147222222222 8.44 0.96 9.41 0.96 5.5 0.8 4.1 0.4 -17.0 6.0 0.97 None 10 None None None None
344 GLG344 9.70525 0.000472222222222 42.3283333333 0.000575 36.75 9.44 34.9 5.69 23.2 12.4 18.2 7.6 18.0 7.0 3.94 None 10 None None None None
345 GLG345 9.18170833333 3.33333333333e-05 40.6691888889 3.33333333333e-05 39.65 2.11 38.76 2.11 5.2 0.0 4.9 0.0 -6.0 2.0 0.97 None 10 None None None None
346 GLG346 11.9051666667 0.000283333333333 40.3520194444 0.000369444444444 330.28 22.93 39.39 2.7 66.4 4.9 50.5 2.8 -8.0 0.0 7.83 None 10 None None None None
347 GLG347 11.4781666667 8.33333333333e-05 40.1163444444 7.77777777778e-05 18.93 0.94 11.24 0.94 8.4 0.3 5.0 0.1 48.0 4.0 0.92 None 10 None None None None
348 GLG348 10.7332916667 6.66666666667e-05 39.9700111111 8.88888888889e-05 27.71 1.16 12.8 1.16 8.6 0.2 6.3 0.1 13.0 1.0 1.2 None 10 None None None None
349 GLG349 12.332 0.000597222222222 41.7062166667 0.000580555555556 62.91 9.27 21.13 2.49 37.9 14.8 31.5 10.2 -49.0 19.0 4.52 None 10 None None None None
350 GLG350 9.5915 0.000130555555556 40.26235 0.000122222222222 9.26 0.94 9.28 0.94 5.2 0.6 4.8 0.5 77.0 103.0 0.98 None 10 None None None None
351 GLG351 10.6620833333 0.000138888888889 42.5830972222 0.000136111111111 10.78 0.75 6.58 0.75 7.7 0.9 5.4 0.4 -45.0 11.0 0.94 None 10 None None None None
352 GLG352 8.937625 0.000127777777778 41.2541722222 0.000152777777778 7.44 1.0 9.33 1.0 5.0 0.8 4.0 0.5 -18.0 10.0 0.97 None 10 None None None None
353 GLG353 9.63058333333 0.000113888888889 42.3331888889 0.000180555555556 8.81 0.89 7.83 0.89 6.7 1.1 4.2 0.4 -4.0 1.0 1.0 None 10 None None None None
354 GLG354 12.4488333333 0.000138888888889 41.1864277778 0.000141666666667 14.59 0.72 5.87 0.72 10.1 1.0 6.2 0.3 -43.0 6.0 1.03 None 10 None None None None
355 GLG355 10.7775 0.00015 42.5964138889 0.000161111111111 6.34 0.83 7.02 0.83 5.1 0.9 4.4 0.7 33.0 31.0 0.88 None 10 None None None None
356 GLG356 11.63375 0.000147222222222 42.3970972222 0.000152777777778 7.84 0.9 7.63 0.9 5.3 0.8 4.9 0.7 -30.0 48.0 0.98 None 10 None None None None
357 GLG357 12.4375833333 3.05555555556e-05 41.0253777778 3.05555555556e-05 35.05 1.82 34.02 1.82 5.2 0.0 4.9 0.0 -0.0 0.0 0.74 None 10 None None None None
358 GLG358 8.934625 0.000208333333333 41.5046361111 0.000363888888889 120.66 10.68 60.58 5.03 38.7 4.9 20.6 1.4 -12.0 0.0 4.9 None 10 None None None None
359 GLG359 12.1428333333 0.000213888888889 40.4952333333 0.000263888888889 180.3 16.99 143.68 12.58 24.9 2.5 20.2 1.6 3.0 0.0 8.13 None 10 None None None None
360 GLG360 9.63479166667 0.000708333333333 40.1875222222 0.000522222222222 57.59 7.17 13.98 1.46 53.0 20.8 31.1 7.1 -63.0 6.0 3.5 None 10 None None None None
361 GLG361 9.653875 6.94444444444e-05 42.3810333333 7.22222222222e-05 18.99 1.34 19.24 1.34 5.1 0.1 4.8 0.1 1.0 1.0 1.13 None 10 None None None None
362 GLG362 11.6692916667 0.000155555555556 40.1286694444 0.000141666666667 10.86 0.93 7.7 0.93 6.2 0.8 5.7 0.7 89.0 112.0 1.15 None 10 None None None None
363 GLG363 12.4656666667 0.000136111111111 41.5790194444 0.000180555555556 7.96 0.91 7.64 0.91 6.2 1.2 4.2 0.5 -21.0 6.0 1.02 None 10 None None None None
364 GLG364 9.78766666667 2.22222222222e-05 42.4604055556 2.22222222222e-05 103.44 4.12 64.52 4.12 7.8 0.0 5.1 0.0 41.0 0.0 1.04 None 10 None None None None
365 GLG365 10.8938333333 0.000155555555556 39.9137472222 0.00015 10.0 1.03 8.7 1.03 6.2 1.0 4.6 0.5 48.0 18.0 1.18 None 10 None None None None
366 GLG366 11.297125 0.000861111111111 42.5624611111 0.000855555555556 54.21 11.1 15.55 2.18 50.0 40.4 27.9 12.5 45.0 6.0 4.87 None 10 None None None None
367 GLG367 11.9833333333 0.000161111111111 40.3146277778 0.000144444444444 8.44 1.08 9.08 1.08 5.2 0.9 4.5 0.7 -69.0 64.0 1.13 None 10 None None None None
368 GLG368 9.006375 0.000563888888889 41.8147333333 0.000475 74.25 8.5 20.01 2.0 43.0 11.9 34.5 7.6 -71.0 18.0 4.21 None 10 None None None None
369 GLG369 11.6457916667 0.0003 42.4495222222 0.000494444444444 79.1 9.29 39.46 3.99 36.7 8.9 21.9 3.1 7.0 0.0 4.55 None 10 None None None None
370 GLG370 12.4965 0.000122222222222 41.0316416667 0.000219444444444 213.36 15.0 108.63 7.54 37.8 1.7 20.8 0.5 5.0 0.0 5.27 None 10 None None None None
371 GLG371 9.85595833333 0.000441666666667 42.5082416667 0.000472222222222 68.73 8.3 26.32 2.73 33.6 8.1 31.1 6.9 13.0 10.0 4.13 None 10 None None None None
372 GLG372 12.3044583333 2.5e-05 41.9506694444 2.5e-05 71.33 3.38 59.68 3.38 5.7 0.0 5.3 0.0 2.0 0.0 1.09 None 10 None None None None
373 GLG373 9.919375 0.000116666666667 40.0144833333 0.000116666666667 13.46 1.24 12.91 1.24 5.3 0.5 4.9 0.4 -46.0 56.0 1.29 None 10 None None None None
374 GLG374 8.84320833333 1.94444444444e-05 41.2682638889 2.22222222222e-05 109.56 5.53 108.12 5.53 5.4 0.0 4.7 0.0 -2.0 0.0 1.15 None 10 None None None None
375 GLG375 9.88295833333 3.88888888889e-05 42.5282055556 5.83333333333e-05 42.54 1.65 21.77 1.65 9.7 0.1 5.0 0.0 21.0 0.0 1.1 None 10 None None None None
376 GLG376 8.85191666667 4.72222222222e-05 41.4615527778 6.38888888889e-05 43.08 2.96 17.63 1.13 11.3 0.1 5.4 0.0 28.0 0.0 1.11 None 10 None None None None
377 GLG377 9.00208333333 0.000111111111111 41.88145 7.22222222222e-05 342.69 21.72 203.85 12.9 33.2 0.4 20.2 0.1 77.0 2.0 4.88 None 10 None None None None
378 GLG378 10.7337916667 0.000658333333333 42.678075 0.000519444444444 35.12 6.45 16.84 2.25 34.2 16.8 24.4 8.5 -67.0 16.0 2.97 None 10 None None None None
379 GLG379 9.61129166667 0.000113888888889 42.4312694444 0.000119444444444 13.46 1.03 10.33 1.03 6.1 0.5 5.4 0.4 28.0 20.0 1.15 None 10 None None None None
380 GLG380 12.5445833333 9.44444444444e-05 41.5244611111 0.000105555555556 13.52 1.09 12.6 1.09 5.7 0.4 4.7 0.2 -23.0 9.0 1.09 None 10 None None None None
381 GLG381 12.5460833333 0.000133333333333 41.5218861111 0.000183333333333 11.96 2.41 8.4 0.97 8.5 1.4 4.2 0.3 -29.0 3.0 1.21 None 10 None None None None
382 GLG382 11.5855833333 0.000547222222222 42.5241722222 0.0006 45.14 6.74 16.18 1.92 35.5 13.3 31.4 10.4 -20.0 12.0 3.28 None 10 None None None None
383 GLG383 11.68575 9.44444444444e-05 40.0686527778 0.000102777777778 15.61 1.13 12.87 1.13 6.1 0.4 5.0 0.2 29.0 10.0 1.16 None 10 None None None None
384 GLG384 12.3190833333 0.000130555555556 42.01605 0.000177777777778 6.95 0.85 7.36 0.85 5.9 1.1 4.0 0.5 -19.0 6.0 0.91 None 10 None None None None
385 GLG385 10.071375 1.66666666667e-05 39.917825 1.66666666667e-05 179.43 9.23 190.41 9.23 5.0 4.5 4.7 4.0 -10.0 0.0 0.17 None 10 None None None None
386 GLG386 10.0414166667 5.83333333333e-05 39.9244 6.11111111111e-05 27.97 1.73 26.41 1.73 5.2 0.1 5.1 0.1 -12.0 29.0 1.33 None 10 None None None None
387 GLG387 12.5999583333 0.000358333333333 41.086225 0.000363888888889 88.32 10.98 57.73 6.11 26.7 5.4 22.9 4.0 -41.0 16.0 5.45 None 10 None None None None
388 GLG388 11.6539166667 1.94444444444e-05 42.5328888889 1.94444444444e-05 146.43 7.22 139.4 7.22 5.4 0.0 4.9 0.0 -11.0 0.0 1.1 None 10 None None None None
389 GLG389 12.6249166667 0.000158333333333 41.2493 0.000175 6.76 0.74 5.81 0.74 5.9 1.1 5.0 0.8 -25.0 19.0 0.87 None 10 None None None None
390 GLG390 12.3472916667 5e-05 40.5159166667 5.27777777778e-05 28.52 1.81 30.12 1.81 5.0 0.0 4.7 0.0 -2.0 1.0 1.25 None 10 None None None None
391 GLG391 10.1791666667 7.22222222222e-05 39.8506694444 8.61111111111e-05 23.22 1.49 19.07 1.49 6.0 0.2 5.1 0.1 1.0 0.0 1.39 None 10 None None None None
392 GLG392 11.359625 0.000127777777778 39.8882972222 0.000147222222222 11.25 1.08 9.81 1.08 5.7 0.7 5.0 0.5 5.0 4.0 1.22 None 10 None None None None
393 GLG393 8.721375 1.94444444444e-05 41.5256861111 1.94444444444e-05 556.54 24.86 441.86 24.86 6.4 0.0 4.9 0.0 32.0 0.0 3.25 None 10 None None None None
394 GLG394 10.0165416667 3.61111111111e-05 42.6861444444 4.16666666667e-05 41.88 2.25 39.71 2.25 5.6 0.0 4.7 0.0 16.0 2.0 1.2 None 10 None None None None
395 GLG395 11.882875 7.77777777778e-05 40.0726888889 6.66666666667e-05 24.52 1.44 19.22 1.44 6.2 0.2 5.1 0.1 -77.0 20.0 1.3 None 10 None None None None
396 GLG396 11.88625 0.000138888888889 40.0724472222 0.000119444444444 15.84 1.04 9.38 1.04 7.3 0.7 5.8 0.4 -66.0 24.0 1.32 None 10 None None None None
397 GLG397 12.6412083333 0.000127777777778 40.9370777778 0.000177777777778 8.92 0.94 7.93 0.94 6.4 1.1 4.4 0.5 -12.0 3.0 1.06 None 10 None None None None
398 GLG398 12.6825416667 3.33333333333e-05 41.4675194444 3.61111111111e-05 55.34 3.02 55.12 3.02 5.4 0.0 4.7 0.0 -7.0 1.0 1.43 None 10 None None None None
399 GLG399 11.4449166667 0.000138888888889 39.8671555556 0.000138888888889 10.5 1.16 10.47 1.16 5.0 0.7 5.0 0.7 85.0 90.0 1.24 None 10 None None None None
400 GLG400 9.72345833333 0.000152777777778 42.6123444444 0.000133333333333 12.77 1.23 10.77 1.23 5.9 0.8 5.1 0.6 -76.0 57.0 1.41 None 10 None None None None
401 GLG401 12.0250833333 0.000680555555556 42.4340194444 0.000594444444444 34.12 6.16 13.54 1.8 35.9 18.2 28.1 11.1 62.0 21.0 2.87 None 10 None None None None
402 GLG402 9.909 0.00015 42.686025 0.000216666666667 7.29 1.99 5.93 0.77 8.1 2.0 3.8 0.4 28.0 4.0 0.91 None 10 None None None None
403 GLG403 9.55683333333 0.000416666666667 40.0074861111 0.000872222222222 78.05 10.04 18.48 1.95 60.8 27.9 27.8 5.8 -7.0 0.0 4.79 None 10 None None None None
404 GLG404 8.654125 0.000102777777778 41.2361694444 0.000102777777778 14.83 1.35 15.58 1.35 5.0 0.3 4.8 0.3 -51.0 111.0 1.3 None 10 None None None None
405 GLG405 9.75220833333 9.16666666667e-05 39.8877361111 8.88888888889e-05 22.72 1.33 15.3 1.33 6.2 0.3 5.9 0.2 -74.0 93.0 1.42 None 10 None None None None
