0.000000 1.000000 0.000000
0.002778 0.999997 0.000024
0.005556 0.999986 0.000073
0.008333 0.999969 0.000121
0.011111 0.999946 0.000170
0.013889 0.999915 0.000218
0.016667 0.999878 0.000267
0.019444 0.999833 0.000315
0.022222 0.999782 0.000364
0.025000 0.999724 0.000412
0.027778 0.999660 0.000461
0.030556 0.999588 0.000509
0.033333 0.999510 0.000557
0.036111 0.999425 0.000606
0.038889 0.999333 0.000655
0.041667 0.999235 0.000703
0.044444 0.999129 0.000751
0.047222 0.999017 0.000800
0.050000 0.998898 0.000848
0.052778 0.998773 0.000897
0.055556 0.998640 0.000945
0.058333 0.998501 0.000994
0.061111 0.998355 0.001042
0.063889 0.998202 0.001091
0.066667 0.998042 0.001139
0.069444 0.997876 0.001187
0.072222 0.997703 0.001236
0.075000 0.997523 0.001285
0.077778 0.997336 0.001333
0.080556 0.997143 0.001382
0.083333 0.996943 0.001430
0.086111 0.996736 0.001479
0.088889 0.996522 0.001527
0.091667 0.996302 0.001576
0.094444 0.996075 0.001624
0.097222 0.995841 0.001673
0.100000 0.995600 0.001721
0.102778 0.995353 0.001770
0.105556 0.995099 0.001818
0.108333 0.994839 0.001866
0.111111 0.994571 0.001915
0.113889 0.994297 0.001964
0.116667 0.994017 0.002012
0.119444 0.993729 0.002060
0.122222 0.993435 0.002109
0.125000 0.993134 0.002158
0.127778 0.992827 0.002206
0.130556 0.992513 0.002255
0.133333 0.992192 0.002302
0.136111 0.991865 0.002352
0.138889 0.991531 0.002400
0.141667 0.991190 0.002449
0.144444 0.990843 0.002496
0.147222 0.990489 0.002545
0.150000 0.990128 0.002594
0.152778 0.989761 0.002642
0.155556 0.989387 0.002691
0.158333 0.989007 0.002738
0.161111 0.988620 0.002788
0.163889 0.988227 0.002836
0.166667 0.987827 0.002885
0.169444 0.987420 0.002932
0.172222 0.987007 0.002982
0.175000 0.986587 0.003030
0.177778 0.986161 0.003079
0.180556 0.985729 0.003127
0.183333 0.985289 0.003175
0.186111 0.984844 0.003224
0.188889 0.984391 0.003273
0.191667 0.983933 0.003321
0.194444 0.983467 0.003369
0.197222 0.982996 0.003418
0.200000 0.982518 0.003467
0.202778 0.982033 0.003515
0.205556 0.981542 0.003564
0.208333 0.981045 0.003611
0.211111 0.980541 0.003661
0.213889 0.980031 0.003709
0.216667 0.979514 0.003758
0.219444 0.978991 0.003805
0.222222 0.978461 0.003855
0.225000 0.977926 0.003903
0.227778 0.977383 0.003952
0.230556 0.976835 0.004000
0.233333 0.976280 0.004047
0.236111 0.975719 0.004097
0.238889 0.975151 0.004145
0.241667 0.974578 0.004194
0.244444 0.973998 0.004241
0.247222 0.973411 0.004291
0.250000 0.972819 0.004339
0.252778 0.972220 0.004388
0.255556 0.971615 0.004436
0.258333 0.971003 0.004483
0.261111 0.970386 0.004533
0.263889 0.969762 0.004582
0.266667 0.969132 0.004630
0.269444 0.968496 0.004677
0.272222 0.967853 0.004727
0.275000 0.967205 0.004776
0.277778 0.966550 0.004824
0.280556 0.965890 0.004873
0.283333 0.965223 0.004919
0.286111 0.964550 0.004970
0.288889 0.963871 0.005018
0.291667 0.963186 0.005067
0.294444 0.962494 0.005113
0.297222 0.961797 0.005164
0.300000 0.961094 0.005212
0.302778 0.960385 0.005261
0.305556 0.959669 0.005309
0.308333 0.958948 0.005356
0.311111 0.958221 0.005406
0.313889 0.957488 0.005455
0.316667 0.956748 0.005503
0.319444 0.956003 0.005550
0.322222 0.955252 0.005600
0.325000 0.954495 0.005648
0.327778 0.953733 0.005697
0.330556 0.952964 0.005745
0.333333 0.952189 0.005792
0.336111 0.951409 0.005842
0.338889 0.950623 0.005891
0.341667 0.949831 0.005939
0.344444 0.949033 0.005986
0.347222 0.948229 0.006036
0.350000 0.947420 0.006085
0.352778 0.946605 0.006133
0.355556 0.945784 0.006182
0.358333 0.944957 0.006228
0.361111 0.944125 0.006279
0.363889 0.943287 0.006327
0.366667 0.942443 0.006376
0.369444 0.941594 0.006422
0.372222 0.940739 0.006473
0.375000 0.939878 0.006521
0.377778 0.939012 0.006570
0.380556 0.938140 0.006618
0.383333 0.937263 0.006664
0.386111 0.936380 0.006715
0.388889 0.935492 0.006764
0.391667 0.934598 0.006812
0.394444 0.933699 0.006858
0.397222 0.932794 0.006909
0.400000 0.931883 0.006958
0.402778 0.930967 0.007006
0.405556 0.930046 0.007055
0.408333 0.929120 0.007100
0.411111 0.928188 0.007152
0.413889 0.927250 0.007200
0.416667 0.926307 0.007248
0.419444 0.925359 0.007294
0.422222 0.924406 0.007345
0.425000 0.923447 0.007394
0.427778 0.922483 0.007442
0.430556 0.921514 0.007491
0.433333 0.920539 0.007537
0.436111 0.919560 0.007588
0.438889 0.918575 0.007636
0.441667 0.917584 0.007685
0.444444 0.916589 0.007731
0.447222 0.915589 0.007782
0.450000 0.914583 0.007830
0.452778 0.913572 0.007879
0.455556 0.912557 0.007927
0.458333 0.911536 0.007973
0.461111 0.910510 0.008024
0.463889 0.909479 0.008073
0.466667 0.908443 0.008121
0.469444 0.907402 0.008167
0.472222 0.906356 0.008218
0.475000 0.905305 0.008267
0.477778 0.904249 0.008315
0.480556 0.903189 0.008364
0.483333 0.902123 0.008409
0.486111 0.901052 0.008461
0.488889 0.899977 0.008509
0.491667 0.898897 0.008558
0.494444 0.897812 0.008603
0.497222 0.896722 0.008655
0.500000 0.895627 0.008703
0.502778 0.894528 0.008751
0.505556 0.893424 0.008800
0.508333 0.892315 0.008845
0.511111 0.891202 0.008897
0.513889 0.890084 0.008945
0.516667 0.888961 0.008994
0.519444 0.887834 0.009039
0.522222 0.886702 0.009091
0.525000 0.885565 0.009139
0.527778 0.884424 0.009188
0.530556 0.883278 0.009236
0.533333 0.882128 0.009281
0.536111 0.880973 0.009333
0.538889 0.879814 0.009382
0.541667 0.878651 0.009430
0.544444 0.877482 0.009475
0.547222 0.876310 0.009527
0.550000 0.875133 0.009576
0.552778 0.873952 0.009624
0.555556 0.872766 0.009673
0.558333 0.871576 0.009718
0.561111 0.870382 0.009770
0.563889 0.869184 0.009818
0.566667 0.867981 0.009867
0.569444 0.866774 0.009912
0.572222 0.865563 0.009964
0.575000 0.864348 0.010012
0.577778 0.863128 0.010061
0.580556 0.861904 0.010109
0.583333 0.860677 0.010154
0.586111 0.859445 0.010206
0.588889 0.858209 0.010254
0.591667 0.856969 0.010303
0.594444 0.855725 0.010348
0.597222 0.854477 0.010400
0.600000 0.853225 0.010448
0.602778 0.851969 0.010497
0.605556 0.850709 0.010545
0.608333 0.849445 0.010590
0.611111 0.848177 0.010642
0.613889 0.846906 0.010691
0.616667 0.845630 0.010739
0.619444 0.844351 0.010784
0.622222 0.843068 0.010836
0.625000 0.841781 0.010885
0.627778 0.840490 0.010933
0.630556 0.839196 0.010982
0.633333 0.837898 0.011026
0.636111 0.836596 0.011079
0.638889 0.835291 0.011127
0.641667 0.833982 0.011176
0.644444 0.832669 0.011220
0.647222 0.831353 0.011273
0.650000 0.830033 0.011321
0.652778 0.828709 0.011370
0.655556 0.827383 0.011418
0.658333 0.826052 0.011462
0.661111 0.824718 0.011515
0.663889 0.823381 0.011563
0.666667 0.822040 0.011612
0.669444 0.820696 0.011656
0.672222 0.819349 0.011709
0.675000 0.817998 0.011757
0.677778 0.816644 0.011806
0.680556 0.815286 0.011854
0.683333 0.813925 0.011899
0.686111 0.812561 0.011951
0.688889 0.811194 0.012000
0.691667 0.809824 0.012048
0.694444 0.808450 0.012092
0.697222 0.807073 0.012145
0.700000 0.805693 0.012194
0.702778 0.804310 0.012242
0.705556 0.802924 0.012291
0.708333 0.801535 0.012335
0.711111 0.800142 0.012388
0.713889 0.798747 0.012436
0.716667 0.797349 0.012485
0.719444 0.795948 0.012529
0.722222 0.794543 0.012582
0.725000 0.793136 0.012630
0.727778 0.791726 0.012679
0.730556 0.790313 0.012727
0.733333 0.788898 0.012771
0.736111 0.787479 0.012824
0.738889 0.786058 0.012872
0.741667 0.784634 0.012921
0.744444 0.783207 0.012965
0.747222 0.781777 0.013018
0.750000 0.780345 0.013066
0.752778 0.778910 0.013115
0.755556 0.777472 0.013163
0.758333 0.776032 0.013207
0.761111 0.774589 0.013260
0.763889 0.773144 0.013309
0.766667 0.771696 0.013357
0.769444 0.770245 0.013401
0.772222 0.768792 0.013454
0.775000 0.767337 0.013503
0.777778 0.765879 0.013551
0.780556 0.764418 0.013600
0.783333 0.762956 0.013643
0.786111 0.761491 0.013697
0.788889 0.760023 0.013745
0.791667 0.758553 0.013794
0.794444 0.757081 0.013837
0.797222 0.755607 0.013891
0.800000 0.754130 0.013939
0.802778 0.752651 0.013988
0.805556 0.751170 0.014036
0.808333 0.749686 0.014079
0.811111 0.748201 0.014133
0.813889 0.746713 0.014181
0.816667 0.745223 0.014230
0.819444 0.743732 0.014273
0.822222 0.742238 0.014327
0.825000 0.740742 0.014375
0.827778 0.739244 0.014424
0.830556 0.737744 0.014472
0.833333 0.736242 0.014516
0.836111 0.734738 0.014569
0.838889 0.733232 0.014618
0.841667 0.731725 0.014666
0.844444 0.730215 0.014709
0.847222 0.728704 0.014763
0.850000 0.727190 0.014812
0.852778 0.725675 0.014860
0.855556 0.724159 0.014909
0.858333 0.722640 0.014952
0.861111 0.721120 0.015006
0.863889 0.719598 0.015054
0.866667 0.718074 0.015103
0.869444 0.716549 0.015146
0.872222 0.715022 0.015200
0.875000 0.713494 0.015248
0.877778 0.711964 0.015297
0.880556 0.710432 0.015345
0.883333 0.708899 0.015388
0.886111 0.707364 0.015442
0.888889 0.705828 0.015490
0.891667 0.704290 0.015539
0.894444 0.702751 0.015582
0.897222 0.701211 0.015636
0.900000 0.699669 0.015684
0.902778 0.698126 0.015733
0.905556 0.696581 0.015781
0.908333 0.695036 0.015824
0.911111 0.693489 0.015878
0.913889 0.691940 0.015927
0.916667 0.690391 0.015975
0.919444 0.688840 0.016018
0.922222 0.687288 0.016072
0.925000 0.685734 0.016121
0.927778 0.684180 0.016169
0.930556 0.682625 0.016218
0.933333 0.681068 0.016260
0.936111 0.679510 0.016315
0.938889 0.677952 0.016363
0.941667 0.676392 0.016412
0.944444 0.674831 0.016454
0.947222 0.673270 0.016508
0.950000 0.671707 0.016557
0.952778 0.670143 0.016605
0.955556 0.668579 0.016654
0.958333 0.667013 0.016696
0.961111 0.665447 0.016751
0.963889 0.663880 0.016799
0.966667 0.662312 0.016848
0.969444 0.660744 0.016890
0.972222 0.659174 0.016945
0.975000 0.657604 0.016993
0.977778 0.656033 0.017042
0.980556 0.654461 0.017090
0.983333 0.652889 0.017133
0.986111 0.651316 0.017187
0.988889 0.649742 0.017236
0.991667 0.648168 0.017284
0.994444 0.646593 0.017326
0.997222 0.645018 0.017381
1.000000 0.643442 0.017430
1.002778 0.641866 0.017478
1.005556 0.640289 0.017527
1.008333 0.638711 0.017569
1.011111 0.637134 0.017623
1.013889 0.635555 0.017672
1.016667 0.633977 0.017720
1.019444 0.632398 0.017763
1.022222 0.630818 0.017817
1.025000 0.629239 0.017866
1.027778 0.627659 0.017914
1.030556 0.626078 0.017963
1.033333 0.624498 0.018005
1.036111 0.622917 0.018060
1.038889 0.621336 0.018108
1.041667 0.619754 0.018157
1.044444 0.618173 0.018199
1.047222 0.616591 0.018254
1.050000 0.615009 0.018302
1.052778 0.613428 0.018351
1.055556 0.611846 0.018399
1.058333 0.610263 0.018441
1.061111 0.608681 0.018496
1.063889 0.607099 0.018545
1.066667 0.605517 0.018593
1.069444 0.603935 0.018635
1.072222 0.602353 0.018690
1.075000 0.600771 0.018738
1.077778 0.599189 0.018787
1.080556 0.597607 0.018835
1.083333 0.596025 0.018877
1.086111 0.594444 0.018932
1.088889 0.592862 0.018981
1.091667 0.591281 0.019029
1.094444 0.589700 0.019071
1.097222 0.588119 0.019126
1.100000 0.586539 0.019175
1.102778 0.584958 0.019223
1.105556 0.583378 0.019272
1.108333 0.581798 0.019313
1.111111 0.580219 0.019369
1.113889 0.578640 0.019417
1.116667 0.577061 0.019466
1.119444 0.575483 0.019507
1.122222 0.573905 0.019563
1.125000 0.572328 0.019611
1.127778 0.570751 0.019660
1.130556 0.569174 0.019708
1.133333 0.567598 0.019749
1.136111 0.566023 0.019805
1.138889 0.564448 0.019853
1.141667 0.562873 0.019902
1.144444 0.561300 0.019943
1.147222 0.559726 0.019999
1.150000 0.558154 0.020047
1.152778 0.556582 0.020096
1.155556 0.555010 0.020144
1.158333 0.553440 0.020185
1.161111 0.551870 0.020241
1.163889 0.550300 0.020290
1.166667 0.548732 0.020338
1.169444 0.547164 0.020379
1.172222 0.545597 0.020435
1.175000 0.544031 0.020484
1.177778 0.542465 0.020532
1.180556 0.540901 0.020581
1.183333 0.539337 0.020622
1.186111 0.537774 0.020677
1.188889 0.536212 0.020726
1.191667 0.534651 0.020774
1.194444 0.533091 0.020815
1.197222 0.531531 0.020871
1.200000 0.529973 0.020920
1.202778 0.528416 0.020968
1.205556 0.526859 0.021017
1.208333 0.525304 0.021058
1.211111 0.523750 0.021114
1.213889 0.522196 0.021162
1.216667 0.520644 0.021211
1.219444 0.519093 0.021252
1.222222 0.517543 0.021308
1.225000 0.515964 0.021356
1.227778 0.514558 0.021405
1.230556 0.513157 0.021453
1.233333 0.511762 0.021494
1.236111 0.510373 0.021550
1.238889 0.508990 0.021598
1.241667 0.507612 0.021647
1.244444 0.506240 0.021688
1.247222 0.504874 0.021744
1.250000 0.503513 0.021792
1.252778 0.502157 0.021841
1.255556 0.500807 0.021889
1.258333 0.499463 0.021930
1.261111 0.498123 0.021986
1.263889 0.496789 0.022035
1.266667 0.495461 0.022083
1.269444 0.494138 0.022124
1.272222 0.492820 0.022180
1.275000 0.491506 0.022229
1.277778 0.490198 0.022277
1.280556 0.488894 0.022326
1.283333 0.487594 0.022366
1.286111 0.486297 0.022423
1.288889 0.485004 0.022471
1.291667 0.483714 0.022519
1.294444 0.482427 0.022560
1.297222 0.481142 0.022616
1.300000 0.479860 0.022665
1.302778 0.478580 0.022713
1.305556 0.477303 0.022762
1.308333 0.476027 0.022802
1.311111 0.474753 0.022859
1.313889 0.473481 0.022907
1.316667 0.472211 0.022956
1.319444 0.470941 0.022996
1.322222 0.469672 0.023053
1.325000 0.468404 0.023101
1.327778 0.467136 0.023150
1.330556 0.465869 0.023198
1.333333 0.464602 0.023238
1.336111 0.463336 0.023295
1.338889 0.462070 0.023344
1.341667 0.460804 0.023392
1.344444 0.459539 0.023432
1.347222 0.458273 0.023489
1.350000 0.457008 0.023537
1.352778 0.455742 0.023586
1.355556 0.454476 0.023634
1.358333 0.453211 0.023674
1.361111 0.451944 0.023731
1.363889 0.450678 0.023780
1.366667 0.449412 0.023828
1.369444 0.448145 0.023868
1.372222 0.446878 0.023925
1.375000 0.445612 0.023974
1.377778 0.444345 0.024022
1.380556 0.443080 0.024071
1.383333 0.441815 0.024110
1.386111 0.440551 0.024168
1.388889 0.439289 0.024216
1.391667 0.438027 0.024264
1.394444 0.436767 0.024304
1.397222 0.435507 0.024361
1.400000 0.434249 0.024410
1.402778 0.432990 0.024458
1.405556 0.431733 0.024507
1.408333 0.430475 0.024546
1.411111 0.429218 0.024604
1.413889 0.427960 0.024652
1.416667 0.426702 0.024701
1.419444 0.425444 0.024740
1.422222 0.424186 0.024798
1.425000 0.422927 0.024846
1.427778 0.421668 0.024895
1.430556 0.420408 0.024943
1.433333 0.419148 0.024983
1.436111 0.417888 0.025040
1.438889 0.416628 0.025088
1.441667 0.415368 0.025137
1.444444 0.414107 0.025176
1.447222 0.412848 0.025234
1.450000 0.411588 0.025282
1.452778 0.410329 0.025331
1.455556 0.409070 0.025379
1.458333 0.407813 0.025419
1.461111 0.406556 0.025476
1.463889 0.405300 0.025525
1.466667 0.404046 0.025573
1.469444 0.402793 0.025612
1.472222 0.401543 0.025670
1.475000 0.400294 0.025719
1.477778 0.399048 0.025767
1.480556 0.397804 0.025816
1.483333 0.396562 0.025855
1.486111 0.395324 0.025912
1.488889 0.394088 0.025961
1.491667 0.392854 0.026009
1.494444 0.391624 0.026048
1.497222 0.390397 0.026106
1.500000 0.389173 0.026155
1.502778 0.387952 0.026203
1.505556 0.386735 0.026252
1.508333 0.385522 0.026291
1.511111 0.384312 0.026349
1.513889 0.383106 0.026397
1.516667 0.381904 0.026446
1.519444 0.380707 0.026485
1.522222 0.379513 0.026543
1.525000 0.378325 0.026591
1.527778 0.377141 0.026639
1.530556 0.375961 0.026688
1.533333 0.374788 0.026727
1.536111 0.373619 0.026785
1.538889 0.372456 0.026833
1.541667 0.371298 0.026882
1.544444 0.370146 0.026921
1.547222 0.369001 0.026979
1.550000 0.367862 0.027027
1.552778 0.366729 0.027076
1.555556 0.365602 0.027124
1.558333 0.364483 0.027163
1.561111 0.363370 0.027221
1.563889 0.362264 0.027270
1.566667 0.361166 0.027318
1.569444 0.360075 0.027357
1.572222 0.358991 0.027415
1.575000 0.357916 0.027463
1.577778 0.356849 0.027512
1.580556 0.355791 0.027560
1.583333 0.354740 0.027599
1.586111 0.353697 0.027657
1.588889 0.352662 0.027706
1.591667 0.351635 0.027754
1.594444 0.350615 0.027793
1.597222 0.349602 0.027851
1.600000 0.348596 0.027900
1.602778 0.347596 0.027948
1.605556 0.346603 0.027997
1.608333 0.345616 0.028035
1.611111 0.344635 0.028094
1.613889 0.343660 0.028142
1.616667 0.342691 0.028190
1.619444 0.341728 0.028229
1.622222 0.340771 0.028287
1.625000 0.339819 0.028336
1.627778 0.338873 0.028384
1.630556 0.337933 0.028433
1.633333 0.336999 0.028471
1.636111 0.336070 0.028530
1.638889 0.335147 0.028578
1.641667 0.334229 0.028627
1.644444 0.333317 0.028665
1.647222 0.332410 0.028724
1.650000 0.331508 0.028772
1.652778 0.330611 0.028820
1.655556 0.329720 0.028869
1.658333 0.328833 0.028907
1.661111 0.327951 0.028966
1.663889 0.327073 0.029014
1.666667 0.326200 0.029063
1.669444 0.325330 0.029101
1.672222 0.324465 0.029160
1.675000 0.323604 0.029208
1.677778 0.322746 0.029257
1.680556 0.321892 0.029305
1.683333 0.321041 0.029343
1.686111 0.320194 0.029402
1.688889 0.319349 0.029451
1.691667 0.318506 0.029499
1.694444 0.317666 0.029537
1.697222 0.316829 0.029596
1.700000 0.315993 0.029644
1.702778 0.315158 0.029693
1.705556 0.314324 0.029741
1.708333 0.313492 0.029779
1.711111 0.312660 0.029838
1.713889 0.311828 0.029887
1.716667 0.310997 0.029935
1.719444 0.310165 0.029973
1.722222 0.309334 0.030032
1.725000 0.308502 0.030081
1.727778 0.307671 0.030129
1.730556 0.306839 0.030177
1.733333 0.306006 0.030215
1.736111 0.305174 0.030274
1.738889 0.304341 0.030323
1.741667 0.303509 0.030371
1.744444 0.302676 0.030409
1.747222 0.301843 0.030468
1.750000 0.301010 0.030517
1.752778 0.300178 0.030565
1.755556 0.299345 0.030614
1.758333 0.298513 0.030651
1.761111 0.297680 0.030711
1.763889 0.296848 0.030759
1.766667 0.296015 0.030808
1.769444 0.295183 0.030845
1.772222 0.294351 0.030904
1.775000 0.293519 0.030953
1.777778 0.292688 0.031001
1.780556 0.291857 0.031050
1.783333 0.291027 0.031087
1.786111 0.290198 0.031147
1.788889 0.289370 0.031195
1.791667 0.288543 0.031244
1.794444 0.287716 0.031281
1.797222 0.286891 0.031341
1.800000 0.286066 0.031389
1.802778 0.285242 0.031438
1.805556 0.284419 0.031486
1.808333 0.283597 0.031523
1.811111 0.282776 0.031583
1.813889 0.281957 0.031631
1.816667 0.281138 0.031680
1.819444 0.280321 0.031717
1.822222 0.279505 0.031777
1.825000 0.278691 0.031825
1.827778 0.277879 0.031874
1.830556 0.277068 0.031922
1.833333 0.276259 0.031959
1.836111 0.275453 0.032019
1.838889 0.274649 0.032067
1.841667 0.273848 0.032116
1.844444 0.273049 0.032153
1.847222 0.272254 0.032213
1.850000 0.271462 0.032261
1.852778 0.270673 0.032310
1.855556 0.269887 0.032358
1.858333 0.269105 0.032395
1.861111 0.268328 0.032455
1.863889 0.267554 0.032504
1.866667 0.266785 0.032552
1.869444 0.266021 0.032589
1.872222 0.265262 0.032649
1.875000 0.264508 0.032697
1.877778 0.263759 0.032746
1.880556 0.263016 0.032794
1.883333 0.262279 0.032831
1.886111 0.261549 0.032891
1.888889 0.260825 0.032940
1.891667 0.260107 0.032988
1.894444 0.259397 0.033025
1.897222 0.258694 0.033085
1.900000 0.257999 0.033134
1.902778 0.257311 0.033182
1.905556 0.256631 0.033231
1.908333 0.255960 0.033267
1.911111 0.255296 0.033327
1.913889 0.254639 0.033376
1.916667 0.253991 0.033424
1.919444 0.253349 0.033461
1.922222 0.252715 0.033521
1.925000 0.252088 0.033570
1.927778 0.251468 0.033618
1.930556 0.250854 0.033667
1.933333 0.250247 0.033703
1.936111 0.249647 0.033764
1.938889 0.249053 0.033812
1.941667 0.248465 0.033860
1.944444 0.247885 0.033897
1.947222 0.247310 0.033957
1.950000 0.246743 0.034006
1.952778 0.246182 0.034054
1.955556 0.245627 0.034103
1.958333 0.245079 0.034139
1.961111 0.244537 0.034200
1.963889 0.244001 0.034248
1.966667 0.243471 0.034297
1.969444 0.242948 0.034333
1.972222 0.242430 0.034393
1.975000 0.241918 0.034442
1.977778 0.241412 0.034490
1.980556 0.240911 0.034539
1.983333 0.240415 0.034575
1.986111 0.239925 0.034636
1.988889 0.239439 0.034684
1.991667 0.238959 0.034733
1.994444 0.238484 0.034769
1.997222 0.238013 0.034830
2.000000 0.237547 0.034878
2.002778 0.237086 0.034927
2.005556 0.236629 0.034975
2.008333 0.236176 0.035011
2.011111 0.235727 0.035072
2.013889 0.235282 0.035120
2.016667 0.234840 0.035169
2.019444 0.234401 0.035205
2.022222 0.233965 0.035266
2.025000 0.233532 0.035314
2.027778 0.233101 0.035363
2.030556 0.232673 0.035411
2.033333 0.232247 0.035447
2.036111 0.231823 0.035508
2.038889 0.231400 0.035556
2.041667 0.230979 0.035605
2.044444 0.230559 0.035641
2.047222 0.230141 0.035702
2.050000 0.229724 0.035750
2.052778 0.229308 0.035799
2.055556 0.228894 0.035847
2.058333 0.228481 0.035883
2.061111 0.228069 0.035944
2.063889 0.227659 0.035993
2.066667 0.227250 0.036041
2.069444 0.226842 0.036076
2.072222 0.226436 0.036138
2.075000 0.226032 0.036186
2.077778 0.225629 0.036235
2.080556 0.225228 0.036283
2.083333 0.224829 0.036319
2.086111 0.224431 0.036380
2.088889 0.224034 0.036429
2.091667 0.223639 0.036477
2.094444 0.223245 0.036512
2.097222 0.222852 0.036574
2.100000 0.222460 0.036622
2.102778 0.222069 0.036671
2.105556 0.221679 0.036719
2.108333 0.221290 0.036755
2.111111 0.220901 0.036816
2.113889 0.220512 0.036865
2.116667 0.220124 0.036913
2.119444 0.219737 0.036948
2.122222 0.219349 0.037010
2.125000 0.218962 0.037058
2.127778 0.218575 0.037107
2.130556 0.218188 0.037155
2.133333 0.217801 0.037190
2.136111 0.217414 0.037252
2.138889 0.217026 0.037301
2.141667 0.216638 0.037349
2.144444 0.216250 0.037384
2.147222 0.215862 0.037446
2.150000 0.215473 0.037495
2.152778 0.215084 0.037543
2.155556 0.214695 0.037591
2.158333 0.214306 0.037626
2.161111 0.213918 0.037688
2.163889 0.213530 0.037737
2.166667 0.213142 0.037785
2.169444 0.212756 0.037820
2.172222 0.212370 0.037882
2.175000 0.211985 0.037931
2.177778 0.211602 0.037979
2.180556 0.211220 0.038028
2.183333 0.210840 0.038062
2.186111 0.210462 0.038124
2.188889 0.210086 0.038173
2.191667 0.209713 0.038221
2.194444 0.209343 0.038256
2.197222 0.208977 0.038318
2.200000 0.208615 0.038367
2.202778 0.208256 0.038415
2.205556 0.207903 0.038464
2.208333 0.207554 0.038498
2.211111 0.207211 0.038560
2.213889 0.206874 0.038609
2.216667 0.206543 0.038657
2.219444 0.206219 0.038692
2.222222 0.205901 0.038754
2.225000 0.205590 0.038803
2.227778 0.205285 0.038851
2.230556 0.204987 0.038900
2.233333 0.204695 0.038934
2.236111 0.204409 0.038996
2.238889 0.204130 0.039045
2.241667 0.203856 0.039093
2.244444 0.203589 0.039128
2.247222 0.203327 0.039190
2.250000 0.203071 0.039239
2.252778 0.202820 0.039287
2.255556 0.202575 0.039336
2.258333 0.202336 0.039370
2.261111 0.202102 0.039433
2.263889 0.201873 0.039481
2.266667 0.201650 0.039529
2.269444 0.201432 0.039564
2.272222 0.201220 0.039626
2.275000 0.201014 0.039675
2.277778 0.200814 0.039723
2.280556 0.200620 0.039772
2.283333 0.200431 0.039806
2.286111 0.200250 0.039869
2.288889 0.200074 0.039917
2.291667 0.199906 0.039965
2.294444 0.199745 0.039999
2.297222 0.199591 0.040062
2.300000 0.199443 0.040111
2.302778 0.199302 0.040159
2.305556 0.199168 0.040208
2.308333 0.199039 0.040242
2.311111 0.198915 0.040305
2.313889 0.198797 0.040353
2.316667 0.198684 0.040401
2.319444 0.198575 0.040435
2.322222 0.198471 0.040498
2.325000 0.198370 0.040547
2.327778 0.198273 0.040595
2.330556 0.198180 0.040644
2.333333 0.198089 0.040677
2.336111 0.198000 0.040741
2.338889 0.197915 0.040789
2.341667 0.197831 0.040837
2.344444 0.197750 0.040871
2.347222 0.197670 0.040934
2.350000 0.197593 0.040983
2.352778 0.197517 0.041031
2.355556 0.197442 0.041080
2.358333 0.197369 0.041113
2.361111 0.197297 0.041177
2.363889 0.197225 0.041225
2.366667 0.197155 0.041273
2.369444 0.197087 0.041307
2.372222 0.197020 0.041370
2.375000 0.196955 0.041419
2.377778 0.196892 0.041467
2.380556 0.196831 0.041516
2.383333 0.196772 0.041549
2.386111 0.196715 0.041613
2.388889 0.196661 0.041661
2.391667 0.196609 0.041709
2.394444 0.196560 0.041743
2.397222 0.196513 0.041806
2.400000 0.196469 0.041855
2.402778 0.196428 0.041903
2.405556 0.196389 0.041952
2.408333 0.196354 0.041985
2.411111 0.196321 0.042049
2.413889 0.196292 0.042097
2.416667 0.196265 0.042145
2.419444 0.196241 0.042179
2.422222 0.196220 0.042242
2.425000 0.196202 0.042291
2.427778 0.196187 0.042339
2.430556 0.196175 0.042388
2.433333 0.196165 0.042421
2.436111 0.196158 0.042485
2.438889 0.196153 0.042533
2.441667 0.196151 0.042581
2.444444 0.196152 0.042615
2.447222 0.196154 0.042678
2.450000 0.196158 0.042727
2.452778 0.196164 0.042775
2.455556 0.196172 0.042824
2.458333 0.196180 0.042857
2.461111 0.196190 0.042920
2.463889 0.196200 0.042969
2.466667 0.196211 0.043017
2.469444 0.196222 0.043050
2.472222 0.196234 0.043114
2.475000 0.196245 0.043163
2.477778 0.196257 0.043211
2.480556 0.196270 0.043260
2.483333 0.196283 0.043292
2.486111 0.196296 0.043356
2.488889 0.196310 0.043405
2.491667 0.196325 0.043453
2.494444 0.196339 0.043486
2.497222 0.196355 0.043550
2.500000 0.196370 0.043599
2.502778 0.196385 0.043647
2.505556 0.196401 0.043696
2.508333 0.196415 0.043728
2.511111 0.196430 0.043792
2.513889 0.196443 0.043841
2.516667 0.196456 0.043889
2.519444 0.196468 0.043922
2.522222 0.196479 0.043986
2.525000 0.196488 0.044035
2.527778 0.196496 0.044083
2.530556 0.196503 0.044131
2.533333 0.196508 0.044164
2.536111 0.196511 0.044228
2.538889 0.196512 0.044277
2.541667 0.196511 0.044325
2.544444 0.196507 0.044358
2.547222 0.196501 0.044422
2.550000 0.196493 0.044471
2.552778 0.196482 0.044519
2.555556 0.196468 0.044567
2.558333 0.196451 0.044600
2.561111 0.196431 0.044664
2.563889 0.196407 0.044713
2.566667 0.196381 0.044761
2.569444 0.196351 0.044793
2.572222 0.196317 0.044858
2.575000 0.196280 0.044906
2.577778 0.196239 0.044955
2.580556 0.196194 0.045003
2.583333 0.196145 0.045036
2.586111 0.196092 0.045100
2.588889 0.196035 0.045149
2.591667 0.195974 0.045197
2.594444 0.195908 0.045229
2.597222 0.195837 0.045294
2.600000 0.195762 0.045342
2.602778 0.195682 0.045391
2.605556 0.195598 0.045439
2.608333 0.195508 0.045471
2.611111 0.195413 0.045536
2.613889 0.195314 0.045585
2.616667 0.195209 0.045633
2.619444 0.195100 0.045665
2.622222 0.194985 0.045730
2.625000 0.194865 0.045778
2.627778 0.194740 0.045827
2.630556 0.194610 0.045875
2.633333 0.194474 0.045907
2.636111 0.194334 0.045972
2.638889 0.194189 0.046020
2.641667 0.194038 0.046069
2.644444 0.193883 0.046101
2.647222 0.193723 0.046166
2.650000 0.193558 0.046214
2.652778 0.193388 0.046263
2.655556 0.193212 0.046311
2.658333 0.193031 0.046343
2.661111 0.192844 0.046408
2.663889 0.192652 0.046456
2.666667 0.192453 0.046505
2.669444 0.192248 0.046536
2.672222 0.192038 0.046602
2.675000 0.191821 0.046650
2.677778 0.191598 0.046699
2.680556 0.191370 0.046747
2.683333 0.191135 0.046779
2.686111 0.190896 0.046844
2.688889 0.190650 0.046892
2.691667 0.190400 0.046941
2.694444 0.190143 0.046972
2.697222 0.189881 0.047038
2.700000 0.189614 0.047086
2.702778 0.189341 0.047134
2.705556 0.189062 0.047183
2.708333 0.188778 0.047214
2.711111 0.188490 0.047280
2.713889 0.188197 0.047328
2.716667 0.187899 0.047377
2.719444 0.187598 0.047408
2.722222 0.187292 0.047473
2.725000 0.186983 0.047522
2.727778 0.186670 0.047570
2.730556 0.186355 0.047619
2.733333 0.186036 0.047650
2.736111 0.185715 0.047716
2.738889 0.185391 0.047764
2.741667 0.185065 0.047812
2.744444 0.184737 0.047844
2.747222 0.184408 0.047909
2.750000 0.184078 0.047958
2.752778 0.183746 0.048006
2.755556 0.183414 0.048055
2.758333 0.183080 0.048086
2.761111 0.182746 0.048151
2.763889 0.182411 0.048200
2.766667 0.182076 0.048248
2.769444 0.181740 0.048279
2.772222 0.181403 0.048345
2.775000 0.181066 0.048394
2.777778 0.180729 0.048442
2.780556 0.180391 0.048490
2.783333 0.180053 0.048521
2.786111 0.179714 0.048587
2.788889 0.179374 0.048636
2.791667 0.179035 0.048684
2.794444 0.178694 0.048715
2.797222 0.178353 0.048781
2.800000 0.178012 0.048829
2.802778 0.177671 0.048878
2.805556 0.177329 0.048926
2.808333 0.176987 0.048957
2.811111 0.176645 0.049023
2.813889 0.176303 0.049072
2.816667 0.175960 0.049120
2.819444 0.175619 0.049151
2.822222 0.175277 0.049217
2.825000 0.174937 0.049265
2.827778 0.174597 0.049314
2.830556 0.174258 0.049362
2.833333 0.173921 0.049393
2.836111 0.173585 0.049459
2.838889 0.173251 0.049507
2.841667 0.172918 0.049556
2.844444 0.172588 0.049586
2.847222 0.172259 0.049653
2.850000 0.171933 0.049701
2.852778 0.171608 0.049750
2.855556 0.171286 0.049798
2.858333 0.170965 0.049828
2.861111 0.170647 0.049895
2.863889 0.170331 0.049943
2.866667 0.170017 0.049992
2.869444 0.169704 0.050022
2.872222 0.169394 0.050089
2.875000 0.169086 0.050137
2.877778 0.168779 0.050185
2.880556 0.168474 0.050234
2.883333 0.168171 0.050264
2.886111 0.167868 0.050331
2.888889 0.167568 0.050379
2.891667 0.167268 0.050428
2.894444 0.166969 0.050458
2.897222 0.166671 0.050524
2.900000 0.166373 0.050573
2.902778 0.166075 0.050621
2.905556 0.165778 0.050670
2.908333 0.165481 0.050700
2.911111 0.165183 0.050766
2.913889 0.164884 0.050815
2.916667 0.164585 0.050863
2.919444 0.164284 0.050893
2.922222 0.163982 0.050960
2.925000 0.163678 0.051009
2.927778 0.163374 0.051057
2.930556 0.163068 0.051105
2.933333 0.162761 0.051135
2.936111 0.162454 0.051202
2.938889 0.162146 0.051251
2.941667 0.161838 0.051299
2.944444 0.161529 0.051329
2.947222 0.161221 0.051396
2.950000 0.160912 0.051444
2.952778 0.160604 0.051493
2.955556 0.160296 0.051541
2.958333 0.159988 0.051571
2.961111 0.159681 0.051638
2.963889 0.159375 0.051686
2.966667 0.159070 0.051735
2.969444 0.158766 0.051765
2.972222 0.158463 0.051832
2.975000 0.158162 0.051880
2.977778 0.157863 0.051929
2.980556 0.157566 0.051977
2.983333 0.157270 0.052007
2.986111 0.156977 0.052074
2.988889 0.156686 0.052122
2.991667 0.156397 0.052171
2.994444 0.156111 0.052200
2.997222 0.155827 0.052268
3.000000 0.155546 0.052316
3.002778 0.155267 0.052364
3.005556 0.154990 0.052413
3.008333 0.154716 0.052442
3.011111 0.154445 0.052510
3.013889 0.154175 0.052558
3.016667 0.153908 0.052606
3.019444 0.153643 0.052636
3.022222 0.153379 0.052703
3.025000 0.153118 0.052752
3.027778 0.152859 0.052800
3.030556 0.152601 0.052849
3.033333 0.152345 0.052878
3.036111 0.152091 0.052945
3.038889 0.151838 0.052994
3.041667 0.151587 0.053042
3.044444 0.151338 0.053072
3.047222 0.151090 0.053139
3.050000 0.150844 0.053187
3.052778 0.150599 0.053236
3.055556 0.150356 0.053284
3.058333 0.150114 0.053314
3.061111 0.149874 0.053381
3.063889 0.149636 0.053430
3.066667 0.149398 0.053478
3.069444 0.149162 0.053507
3.072222 0.148927 0.053575
3.075000 0.148693 0.053623
3.077778 0.148460 0.053672
3.080556 0.148228 0.053720
3.083333 0.147996 0.053749
3.086111 0.147765 0.053817
3.088889 0.147535 0.053865
3.091667 0.147306 0.053914
3.094444 0.147077 0.053943
3.097222 0.146849 0.054011
3.100000 0.146621 0.054059
3.102778 0.146394 0.054107
3.105556 0.146168 0.054156
3.108333 0.145942 0.054185
3.111111 0.145717 0.054253
3.113889 0.145492 0.054301
3.116667 0.145267 0.054349
3.119444 0.145043 0.054378
3.122222 0.144819 0.054446
3.125000 0.144596 0.054495
3.127778 0.144372 0.054543
3.130556 0.144149 0.054591
3.133333 0.143926 0.054620
3.136111 0.143704 0.054688
3.138889 0.143481 0.054737
3.141667 0.143259 0.054785
3.144444 0.143037 0.054814
3.147222 0.142815 0.054882
3.150000 0.142593 0.054930
3.152778 0.142372 0.054979
3.155556 0.142150 0.055027
3.158333 0.141929 0.055056
3.161111 0.141708 0.055124
3.163889 0.141487 0.055172
3.166667 0.141266 0.055221
3.169444 0.141045 0.055249
3.172222 0.140825 0.055318
3.175000 0.140605 0.055366
3.177778 0.140385 0.055414
3.180556 0.140165 0.055463
3.183333 0.139946 0.055491
3.186111 0.139727 0.055560
3.188889 0.139508 0.055608
3.191667 0.139291 0.055657
3.194444 0.139073 0.055685
3.197222 0.138856 0.055753
3.200000 0.138640 0.055802
3.202778 0.138423 0.055850
3.205556 0.138208 0.055899
3.208333 0.137992 0.055927
3.211111 0.137777 0.055995
3.213889 0.137562 0.056044
3.216667 0.137347 0.056092
3.219444 0.137132 0.056120
3.222222 0.136917 0.056189
3.225000 0.136703 0.056237
3.227778 0.136488 0.056286
3.230556 0.136273 0.056334
3.233333 0.136058 0.056362
3.236111 0.135842 0.056431
3.238889 0.135627 0.056479
3.241667 0.135411 0.056528
3.244444 0.135195 0.056556
3.247222 0.134978 0.056625
3.250000 0.134761 0.056673
3.252778 0.134543 0.056722
3.255556 0.134325 0.056770
3.258333 0.134106 0.056798
3.261111 0.133887 0.056867
3.263889 0.133667 0.056915
3.266667 0.133446 0.056964
3.269444 0.133225 0.056991
3.272222 0.133002 0.057060
3.275000 0.132779 0.057109
3.277778 0.132554 0.057157
3.280556 0.132329 0.057206
3.283333 0.132103 0.057233
3.286111 0.131875 0.057302
3.288889 0.131646 0.057351
3.291667 0.131417 0.057399
3.294444 0.131186 0.057427
3.297222 0.130954 0.057496
3.300000 0.130722 0.057544
3.302778 0.130488 0.057593
3.305556 0.130253 0.057641
3.308333 0.130018 0.057669
3.311111 0.129781 0.057738
3.313889 0.129544 0.057786
3.316667 0.129305 0.057835
3.319444 0.129066 0.057862
3.322222 0.128826 0.057932
3.325000 0.128586 0.057980
3.327778 0.128344 0.058028
3.330556 0.128102 0.058077
3.333333 0.127858 0.058104
3.336111 0.127614 0.058174
3.338889 0.127370 0.058222
3.341667 0.127124 0.058270
3.344444 0.126878 0.058298
3.347222 0.126631 0.058367
3.350000 0.126383 0.058416
3.352778 0.126135 0.058464
3.355556 0.125885 0.058513
3.358333 0.125635 0.058540
3.361111 0.125384 0.058609
3.363889 0.125132 0.058658
3.366667 0.124879 0.058706
3.369444 0.124625 0.058733
3.372222 0.124370 0.058803
3.375000 0.124114 0.058851
3.377778 0.123857 0.058900
3.380556 0.123599 0.058948
3.383333 0.123340 0.058975
3.386111 0.123079 0.059045
3.388889 0.122817 0.059093
3.391667 0.122554 0.059142
3.394444 0.122290 0.059169
3.397222 0.122024 0.059239
3.400000 0.121757 0.059287
3.402778 0.121488 0.059335
3.405556 0.121218 0.059384
3.408333 0.120946 0.059411
3.411111 0.120673 0.059481
3.413889 0.120397 0.059529
3.416667 0.120120 0.059577
3.419444 0.119842 0.059604
3.422222 0.119561 0.059674
3.425000 0.119278 0.059723
3.427778 0.118994 0.059771
3.430556 0.118707 0.059819
3.433333 0.118419 0.059846
3.436111 0.118128 0.059916
3.438889 0.117835 0.059965
3.441667 0.117541 0.060013
3.444444 0.117244 0.060040
3.447222 0.116946 0.060110
3.450000 0.116645 0.060158
3.452778 0.116343 0.060206
3.455556 0.116039 0.060255
3.458333 0.115733 0.060282
3.461111 0.115425 0.060352
3.463889 0.115115 0.060400
3.466667 0.114804 0.060448
3.469444 0.114491 0.060475
3.472222 0.114177 0.060545
3.475000 0.113860 0.060594
3.477778 0.113543 0.060642
3.480556 0.113223 0.060690
3.483333 0.112903 0.060717
3.486111 0.112580 0.060787
3.488889 0.112257 0.060836
3.491667 0.111932 0.060884
3.494444 0.111606 0.060911
3.497222 0.111278 0.060981
3.500000 0.110950 0.061029
3.502778 0.110621 0.061078
3.505556 0.110291 0.061126
3.508333 0.109960 0.061152
3.511111 0.109628 0.061223
3.513889 0.109295 0.061271
3.516667 0.108962 0.061320
3.519444 0.108629 0.061346
3.522222 0.108295 0.061416
3.525000 0.107961 0.061465
3.527778 0.107626 0.061513
3.530556 0.107291 0.061562
3.533333 0.106957 0.061588
3.536111 0.106622 0.061658
3.538889 0.106287 0.061707
3.541667 0.105952 0.061755
3.544444 0.105617 0.061781
3.547222 0.105283 0.061852
3.550000 0.104948 0.061900
3.552778 0.104615 0.061949
3.555556 0.104281 0.061997
3.558333 0.103948 0.062023
3.561111 0.103616 0.062094
3.563889 0.103284 0.062142
3.566667 0.102953 0.062191
3.569444 0.102622 0.062217
3.572222 0.102293 0.062287
3.575000 0.101964 0.062336
3.577778 0.101636 0.062384
3.580556 0.101309 0.062433
3.583333 0.100984 0.062459
3.586111 0.100659 0.062529
3.588889 0.100335 0.062578
3.591667 0.100012 0.062626
3.594444 0.099691 0.062652
3.597222 0.099371 0.062723
3.600000 0.099052 0.062771
3.602778 0.098734 0.062820
3.605556 0.098418 0.062868
3.608333 0.098103 0.062894
3.611111 0.097790 0.062965
3.613889 0.097479 0.063013
3.616667 0.097169 0.063062
3.619444 0.096860 0.063087
3.622222 0.096554 0.063158
3.625000 0.096249 0.063207
3.627778 0.095946 0.063255
3.630556 0.095645 0.063304
3.633333 0.095345 0.063329
3.636111 0.095048 0.063400
3.638889 0.094753 0.063449
3.641667 0.094460 0.063497
3.644444 0.094168 0.063523
3.647222 0.093879 0.063594
3.650000 0.093592 0.063642
3.652778 0.093307 0.063691
3.655556 0.093024 0.063739
3.658333 0.092744 0.063765
3.661111 0.092466 0.063836
3.663889 0.092190 0.063884
3.666667 0.091916 0.063933
3.669444 0.091644 0.063958
3.672222 0.091375 0.064029
3.675000 0.091108 0.064078
3.677778 0.090844 0.064126
3.680556 0.090582 0.064175
3.683333 0.090322 0.064200
3.686111 0.090065 0.064271
3.688889 0.089811 0.064320
3.691667 0.089559 0.064368
3.694444 0.089309 0.064393
3.697222 0.089062 0.064465
3.700000 0.088818 0.064513
3.702778 0.088577 0.064562
3.705556 0.088338 0.064610
3.708333 0.088102 0.064635
3.711111 0.087868 0.064707
3.713889 0.087637 0.064755
3.716667 0.087409 0.064804
3.719444 0.087184 0.064829
3.722222 0.086961 0.064900
3.725000 0.086741 0.064949
3.727778 0.086524 0.064997
3.730556 0.086309 0.065046
3.733333 0.086097 0.065070
3.736111 0.085888 0.065142
3.738889 0.085681 0.065191
3.741667 0.085477 0.065239
3.744444 0.085275 0.065264
3.747222 0.085076 0.065336
3.750000 0.084879 0.065384
3.752778 0.084685 0.065433
3.755556 0.084493 0.065481
3.758333 0.084304 0.065506
3.761111 0.084117 0.065578
3.763889 0.083933 0.065626
3.766667 0.083751 0.065674
3.769444 0.083572 0.065699
3.772222 0.083395 0.065771
3.775000 0.083220 0.065820
3.777778 0.083048 0.065868
3.780556 0.082878 0.065916
3.783333 0.082710 0.065941
3.786111 0.082545 0.066013
3.788889 0.082382 0.066061
3.791667 0.082221 0.066110
3.794444 0.082063 0.066134
3.797222 0.081906 0.066207
3.800000 0.081753 0.066255
3.802778 0.081601 0.066303
3.805556 0.081451 0.066352
3.808333 0.081304 0.066376
3.811111 0.081159 0.066449
3.813889 0.081016 0.066497
3.816667 0.080875 0.066545
3.819444 0.080736 0.066570
3.822222 0.080599 0.066642
3.825000 0.080464 0.066690
3.827778 0.080331 0.066739
3.830556 0.080199 0.066787
3.833333 0.080070 0.066811
3.836111 0.079943 0.066884
3.838889 0.079818 0.066932
3.841667 0.079694 0.066981
3.844444 0.079572 0.067005
3.847222 0.079452 0.067077
3.850000 0.079334 0.067126
3.852778 0.079218 0.067174
3.855556 0.079103 0.067223
3.858333 0.078990 0.067247
3.861111 0.078878 0.067319
3.863889 0.078768 0.067368
3.866667 0.078660 0.067416
3.869444 0.078553 0.067440
3.872222 0.078448 0.067513
3.875000 0.078345 0.067561
3.877778 0.078242 0.067610
3.880556 0.078142 0.067658
3.883333 0.078042 0.067682
3.886111 0.077944 0.067755
3.888889 0.077848 0.067803
3.891667 0.077752 0.067851
3.894444 0.077659 0.067875
3.897222 0.077566 0.067948
3.900000 0.077474 0.067997
3.902778 0.077384 0.068045
3.905556 0.077295 0.068093
3.908333 0.077207 0.068117
3.911111 0.077121 0.068190
3.913889 0.077035 0.068238
3.916667 0.076950 0.068287
3.919444 0.076866 0.068311
3.922222 0.076784 0.068384
3.925000 0.076702 0.068432
3.927778 0.076621 0.068480
3.930556 0.076540 0.068529
3.933333 0.076461 0.068552
3.936111 0.076382 0.068625
3.938889 0.076303 0.068674
3.941667 0.076226 0.068722
3.944444 0.076149 0.068746
3.947222 0.076072 0.068819
3.950000 0.075996 0.068867
3.952778 0.075920 0.068916
3.955556 0.075844 0.068964
3.958333 0.075769 0.068988
3.961111 0.075694 0.069061
3.963889 0.075619 0.069109
3.966667 0.075544 0.069157
3.969444 0.075470 0.069181
3.972222 0.075395 0.069254
3.975000 0.075320 0.069303
3.977778 0.075245 0.069351
3.980556 0.075170 0.069399
3.983333 0.075095 0.069423
3.986111 0.075020 0.069496
3.988889 0.074945 0.069544
3.991667 0.074869 0.069593
3.994444 0.074794 0.069616
3.997222 0.074718 0.069689
4.000000 0.074642 0.069738
4.002778 0.074566 0.069786
4.005556 0.074490 0.069835
4.008333 0.074414 0.069858
4.011111 0.074337 0.069931
4.013889 0.074261 0.069980
4.016667 0.074184 0.070028
4.019444 0.074107 0.070051
4.022222 0.074030 0.070125
4.025000 0.073953 0.070173
4.027778 0.073875 0.070222
4.030556 0.073798 0.070270
4.033333 0.073720 0.070293
4.036111 0.073642 0.070367
4.038889 0.073564 0.070415
4.041667 0.073485 0.070463
4.044444 0.073407 0.070486
4.047222 0.073328 0.070560
4.050000 0.073249 0.070608
4.052778 0.073170 0.070657
4.055556 0.073091 0.070705
4.058333 0.073011 0.070728
4.061111 0.072932 0.070802
4.063889 0.072852 0.070850
4.066667 0.072772 0.070899
4.069444 0.072691 0.070921
4.072222 0.072611 0.070995
4.075000 0.072530 0.071044
4.077778 0.072449 0.071092
4.080556 0.072368 0.071140
4.083333 0.072287 0.071163
4.086111 0.072205 0.071237
4.088889 0.072124 0.071286
4.091667 0.072042 0.071334
4.094444 0.071960 0.071357
4.097222 0.071877 0.071431
4.100000 0.071795 0.071479
4.102778 0.071712 0.071527
4.105556 0.071629 0.071576
4.108333 0.071545 0.071598
4.111111 0.071462 0.071672
4.113889 0.071378 0.071721
4.116667 0.071295 0.071769
4.119444 0.071211 0.071792
4.122222 0.071127 0.071866
4.125000 0.071042 0.071914
4.127778 0.070958 0.071963
4.130556 0.070873 0.072011
4.133333 0.070788 0.072033
4.136111 0.070703 0.072108
4.138889 0.070618 0.072156
4.141667 0.070533 0.072204
4.144444 0.070447 0.072227
4.147222 0.070361 0.072301
4.150000 0.070276 0.072349
4.152778 0.070190 0.072398
4.155556 0.070104 0.072446
4.158333 0.070017 0.072468
4.161111 0.069931 0.072543
4.163889 0.069844 0.072591
4.166667 0.069758 0.072640
4.169444 0.069671 0.072662
4.172222 0.069584 0.072736
4.175000 0.069497 0.072785
4.177778 0.069410 0.072833
4.180556 0.069323 0.072881
4.183333 0.069235 0.072903
4.186111 0.069148 0.072978
4.188889 0.069060 0.073026
4.191667 0.068973 0.073075
4.194444 0.068885 0.073097
4.197222 0.068797 0.073172
4.200000 0.068709 0.073220
4.202778 0.068621 0.073268
4.205556 0.068533 0.073317
4.208333 0.068444 0.073339
4.211111 0.068356 0.073413
4.213889 0.068267 0.073462
4.216667 0.068179 0.073510
4.219444 0.068090 0.073532
4.222222 0.068001 0.073607
4.225000 0.067912 0.073655
4.227778 0.067823 0.073703
4.230556 0.067734 0.073752
4.233333 0.067645 0.073774
4.236111 0.067556 0.073848
4.238889 0.067466 0.073897
4.241667 0.067377 0.073945
4.244444 0.067288 0.073967
4.247222 0.067198 0.074042
4.250000 0.067108 0.074090
4.252778 0.067019 0.074139
4.255556 0.066929 0.074187
4.258333 0.066839 0.074209
4.261111 0.066749 0.074284
4.263889 0.066659 0.074332
4.266667 0.066569 0.074380
4.269444 0.066479 0.074402
4.272222 0.066389 0.074477
4.275000 0.066299 0.074525
4.277778 0.066208 0.074574
4.280556 0.066118 0.074622
4.283333 0.066028 0.074644
4.286111 0.065937 0.074719
4.288889 0.065847 0.074767
4.291667 0.065756 0.074816
4.294444 0.065666 0.074837
4.297222 0.065575 0.074912
4.300000 0.065484 0.074961
4.302778 0.065394 0.075009
4.305556 0.065303 0.075057
4.308333 0.065212 0.075079
4.311111 0.065121 0.075154
4.313889 0.065031 0.075202
4.316667 0.064940 0.075251
4.319444 0.064849 0.075272
4.322222 0.064758 0.075347
4.325000 0.064667 0.075396
4.327778 0.064576 0.075444
4.330556 0.064485 0.075492
4.333333 0.064394 0.075514
4.336111 0.064303 0.075589
4.338889 0.064212 0.075637
4.341667 0.064121 0.075686
4.344444 0.064030 0.075707
4.347222 0.063938 0.075782
4.350000 0.063847 0.075831
4.352778 0.063756 0.075879
4.355556 0.063665 0.075927
4.358333 0.063574 0.075948
4.361111 0.063483 0.076024
4.363889 0.063392 0.076073
4.366667 0.063301 0.076121
4.369444 0.063209 0.076142
4.372222 0.063118 0.076218
4.375000 0.063027 0.076266
4.377778 0.062936 0.076314
4.380556 0.062845 0.076363
4.383333 0.062754 0.076383
4.386111 0.062663 0.076459
4.388889 0.062571 0.076508
4.391667 0.062480 0.076556
4.394444 0.062389 0.076577
4.397222 0.062298 0.076653
4.400000 0.062207 0.076701
4.402778 0.062116 0.076749
4.405556 0.062025 0.076798
4.408333 0.061934 0.076818
4.411111 0.061842 0.076894
4.413889 0.061751 0.076943
4.416667 0.061660 0.076991
4.419444 0.061569 0.077012
4.422222 0.061478 0.077088
4.425000 0.061387 0.077136
4.427778 0.061296 0.077184
4.430556 0.061204 0.077233
4.433333 0.061113 0.077253
4.436111 0.061022 0.077329
4.438889 0.060931 0.077378
4.441667 0.060840 0.077426
4.444444 0.060749 0.077447
4.447222 0.060658 0.077523
4.450000 0.060566 0.077571
4.452778 0.060475 0.077619
4.455556 0.060384 0.077668
4.458333 0.060293 0.077688
4.461111 0.060202 0.077764
4.463889 0.060111 0.077813
4.466667 0.060020 0.077861
4.469444 0.059929 0.077881
4.472222 0.059837 0.077958
4.475000 0.059746 0.078006
4.477778 0.059655 0.078055
4.480556 0.059564 0.078103
4.483333 0.059473 0.078123
4.486111 0.059382 0.078200
4.488889 0.059291 0.078248
4.491667 0.059199 0.078296
4.494444 0.059108 0.078316
4.497222 0.059017 0.078393
4.500000 0.058926 0.078441
